[
  {
    "m00": -0.0608651638,
    "m10": -0.770125747,
    "m20": -0.634981632,
    "m30": 0.0,
    "m01": -0.770125747,
    "m11": 0.440934,
    "m21": -0.460959345,
    "m31": 0.0,
    "m02": 0.634981632,
    "m12": 0.460959345,
    "m22": -0.6199312,
    "m32": 0.0,
    "m03": -45.6673965,
    "m13": -15.9295616,
    "m23": 39.154007,
    "m33": 1.0
  },
  {
    "m00": 0.499843478,
    "m10": 0.690159142,
    "m20": 0.52329427,
    "m30": 0.0,
    "m01": 0.690159142,
    "m11": 0.04765886,
    "m21": -0.7220866,
    "m31": 0.0,
    "m02": -0.52329427,
    "m12": 0.7220866,
    "m22": -0.452497721,
    "m32": 0.0,
    "m03": 6.52629757,
    "m13": 43.16901,
    "m23": -3.22958827,
    "m33": 1.0
  },
  {
    "m00": 0.55692476,
    "m10": 0.536159933,
    "m20": -0.6343243,
    "m30": 0.0,
    "m01": 0.536159933,
    "m11": 0.351199448,
    "m21": 0.7675881,
    "m31": 0.0,
    "m02": 0.6343243,
    "m12": -0.7675881,
    "m22": -0.09187579,
    "m32": 0.0,
    "m03": 24.20901,
    "m13": -17.47622,
    "m23": 18.7736855,
    "m33": 1.0
  },
  {
    "m00": 0.6106341,
    "m10": -0.05685915,
    "m20": 0.789869,
    "m30": 0.0,
    "m01": -0.05685915,
    "m11": 0.991696835,
    "m21": 0.115344666,
    "m31": 0.0,
    "m02": -0.789869,
    "m12": -0.115344666,
    "m22": 0.6023309,
    "m32": 0.0,
    "m03": -5.161887,
    "m13": 43.39571,
    "m23": -26.34076,
    "m33": 1.0
  },
  {
    "m00": 0.396660268,
    "m10": 0.7339945,
    "m20": -0.5512829,
    "m30": 0.0,
    "m01": 0.7339945,
    "m11": 0.107057154,
    "m21": 0.670664549,
    "m31": 0.0,
    "m02": 0.5512829,
    "m12": -0.670664549,
    "m22": -0.496282578,
    "m32": 0.0,
    "m03": 9.397799,
    "m13": 5.30460453,
    "m23": 25.4062538,
    "m33": 1.0
  },
  {
    "m00": -0.3341484,
    "m10": 0.277218729,
    "m20": -0.90083003,
    "m30": 0.0,
    "m01": 0.277218729,
    "m11": 0.942397535,
    "m21": 0.187180787,
    "m31": 0.0,
    "m02": 0.90083003,
    "m12": -0.187180787,
    "m22": -0.3917508,
    "m32": 0.0,
    "m03": -35.8203278,
    "m13": -34.5427742,
    "m23": -29.952467,
    "m33": 1.0
  },
  {
    "m00": 0.75119406,
    "m10": 0.2963741,
    "m20": 0.589804947,
    "m30": 0.0,
    "m01": 0.2963741,
    "m11": 0.6469633,
    "m21": -0.702567339,
    "m31": 0.0,
    "m02": -0.589804947,
    "m12": 0.702567339,
    "m22": 0.398157358,
    "m32": 0.0,
    "m03": 37.0440254,
    "m13": 14.0145168,
    "m23": -31.9221611,
    "m33": 1.0
  },
  {
    "m00": 0.9127921,
    "m10": 0.3516774,
    "m20": -0.20768635,
    "m30": 0.0,
    "m01": 0.3516774,
    "m11": -0.418185353,
    "m21": 0.8375225,
    "m31": 0.0,
    "m02": 0.20768635,
    "m12": -0.8375225,
    "m22": -0.505393267,
    "m32": 0.0,
    "m03": 28.2467728,
    "m13": 24.5054474,
    "m23": 2.7446568,
    "m33": 1.0
  },
  {
    "m00": 0.8202281,
    "m10": -0.318861037,
    "m20": -0.4749247,
    "m30": 0.0,
    "m01": -0.318861037,
    "m11": 0.4344368,
    "m21": -0.842373,
    "m31": 0.0,
    "m02": 0.4749247,
    "m12": 0.842373,
    "m22": 0.2546649,
    "m32": 0.0,
    "m03": -41.7538147,
    "m13": -1.62156224,
    "m23": 43.5174,
    "m33": 1.0
  },
  {
    "m00": 0.976036668,
    "m10": 0.08660487,
    "m20": -0.199629724,
    "m30": 0.0,
    "m01": 0.08660487,
    "m11": 0.687005043,
    "m21": 0.721473336,
    "m31": 0.0,
    "m02": 0.199629724,
    "m12": -0.721473336,
    "m22": 0.6630417,
    "m32": 0.0,
    "m03": 44.4612846,
    "m13": 40.4881134,
    "m23": 36.51923,
    "m33": 1.0
  },
  {
    "m00": -0.528088,
    "m10": -0.02939105,
    "m20": -0.848681,
    "m30": 0.0,
    "m01": -0.02939105,
    "m11": 0.9994347,
    "m21": -0.0163234212,
    "m31": 0.0,
    "m02": 0.848681,
    "m12": 0.0163234212,
    "m22": -0.528653264,
    "m32": 0.0,
    "m03": -39.7105827,
    "m13": 16.8136578,
    "m23": -23.2725449,
    "m33": 1.0
  },
  {
    "m00": 0.8668635,
    "m10": 0.482437223,
    "m20": 0.125705987,
    "m30": 0.0,
    "m01": 0.482437223,
    "m11": -0.7481736,
    "m21": -0.4555119,
    "m31": 0.0,
    "m02": -0.125705987,
    "m12": 0.4555119,
    "m22": -0.8813101,
    "m32": 0.0,
    "m03": 36.466156,
    "m13": 5.6692543,
    "m23": 17.4606667,
    "m33": 1.0
  },
  {
    "m00": 0.0427904129,
    "m10": -0.349413872,
    "m20": -0.9359909,
    "m30": 0.0,
    "m01": -0.349413872,
    "m11": 0.87245214,
    "m21": -0.341668338,
    "m31": 0.0,
    "m02": 0.9359909,
    "m12": 0.341668338,
    "m22": -0.08475745,
    "m32": 0.0,
    "m03": 19.4531536,
    "m13": 28.2886734,
    "m23": -19.6175041,
    "m33": 1.0
  },
  {
    "m00": 0.8346153,
    "m10": 0.155521646,
    "m20": 0.528422534,
    "m30": 0.0,
    "m01": 0.155521646,
    "m11": 0.8537532,
    "m21": -0.496908933,
    "m31": 0.0,
    "m02": -0.528422534,
    "m12": 0.496908933,
    "m22": 0.6883685,
    "m32": 0.0,
    "m03": -43.54794,
    "m13": 9.149271,
    "m23": 28.8658733,
    "m33": 1.0
  },
  {
    "m00": 0.9370483,
    "m10": 0.195187911,
    "m20": 0.289555043,
    "m30": 0.0,
    "m01": 0.195187911,
    "m11": 0.394800484,
    "m21": -0.8977941,
    "m31": 0.0,
    "m02": -0.289555043,
    "m12": 0.8977941,
    "m22": 0.3318488,
    "m32": 0.0,
    "m03": -0.6961763,
    "m13": -36.97313,
    "m23": -18.0388279,
    "m33": 1.0
  },
  {
    "m00": 0.6923775,
    "m10": -0.0968318358,
    "m20": 0.715008438,
    "m30": 0.0,
    "m01": -0.0968318358,
    "m11": 0.9695198,
    "m21": 0.225066692,
    "m31": 0.0,
    "m02": -0.715008438,
    "m12": -0.225066692,
    "m22": 0.6618973,
    "m32": 0.0,
    "m03": -12.9140911,
    "m13": -45.41011,
    "m23": -1.70827508,
    "m33": 1.0
  },
  {
    "m00": 0.5094867,
    "m10": -0.553572357,
    "m20": -0.658772349,
    "m30": 0.0,
    "m01": -0.553572357,
    "m11": 0.375261962,
    "m21": -0.743462265,
    "m31": 0.0,
    "m02": 0.658772349,
    "m12": 0.743462265,
    "m22": -0.1152513,
    "m32": 0.0,
    "m03": -39.22316,
    "m13": 8.344775,
    "m23": 12.1289549,
    "m33": 1.0
  },
  {
    "m00": 0.913827658,
    "m10": 0.2612737,
    "m20": 0.310893923,
    "m30": 0.0,
    "m01": 0.2612737,
    "m11": 0.207820475,
    "m21": -0.942627549,
    "m31": 0.0,
    "m02": -0.310893923,
    "m12": 0.942627549,
    "m22": 0.121648133,
    "m32": 0.0,
    "m03": -5.129653,
    "m13": -45.2073,
    "m23": -23.5463314,
    "m33": 1.0
  },
  {
    "m00": 0.142900229,
    "m10": -0.785520434,
    "m20": 0.602110565,
    "m30": 0.0,
    "m01": -0.785520434,
    "m11": 0.280081034,
    "m21": 0.551826239,
    "m31": 0.0,
    "m02": -0.602110565,
    "m12": -0.551826239,
    "m22": -0.577018738,
    "m32": 0.0,
    "m03": -6.269985,
    "m13": -33.37693,
    "m23": -39.771843,
    "m33": 1.0
  },
  {
    "m00": 0.245957732,
    "m10": -0.810595155,
    "m20": -0.531451166,
    "m30": 0.0,
    "m01": -0.810595155,
    "m11": 0.128610492,
    "m21": -0.5713098,
    "m31": 0.0,
    "m02": 0.531451166,
    "m12": 0.5713098,
    "m22": -0.6254318,
    "m32": 0.0,
    "m03": 9.403175,
    "m13": 39.7092361,
    "m23": 27.5977859,
    "m33": 1.0
  },
  {
    "m00": 0.723714948,
    "m10": -0.101511426,
    "m20": -0.6825922,
    "m30": 0.0,
    "m01": -0.101511426,
    "m11": 0.9627031,
    "m21": -0.250795037,
    "m31": 0.0,
    "m02": 0.6825922,
    "m12": 0.250795037,
    "m22": 0.686418056,
    "m32": 0.0,
    "m03": 2.328986,
    "m13": 22.8481159,
    "m23": -36.8234177,
    "m33": 1.0
  },
  {
    "m00": 0.3759181,
    "m10": 0.172511056,
    "m20": -0.910453558,
    "m30": 0.0,
    "m01": 0.172511056,
    "m11": 0.95231384,
    "m21": 0.251671,
    "m31": 0.0,
    "m02": 0.910453558,
    "m12": -0.251671,
    "m22": 0.328231931,
    "m32": 0.0,
    "m03": -11.7549953,
    "m13": 8.543163,
    "m23": 36.8761177,
    "m33": 1.0
  },
  {
    "m00": 0.4789697,
    "m10": 0.128780141,
    "m20": 0.868333936,
    "m30": 0.0,
    "m01": 0.128780141,
    "m11": 0.9681701,
    "m21": -0.214621246,
    "m31": 0.0,
    "m02": -0.868333936,
    "m12": 0.214621246,
    "m22": 0.4471398,
    "m32": 0.0,
    "m03": -15.4778185,
    "m13": 0.7113278,
    "m23": -26.5513058,
    "m33": 1.0
  },
  {
    "m00": -0.23539865,
    "m10": 0.795285761,
    "m20": 0.5586665,
    "m30": 0.0,
    "m01": 0.795285761,
    "m11": 0.4880361,
    "m21": -0.359640628,
    "m31": 0.0,
    "m02": -0.5586665,
    "m12": 0.359640628,
    "m22": -0.7473626,
    "m32": 0.0,
    "m03": 48.9117126,
    "m13": -9.638065,
    "m23": -25.7786522,
    "m33": 1.0
  },
  {
    "m00": -0.640295744,
    "m10": -0.3473504,
    "m20": 0.6851053,
    "m30": 0.0,
    "m01": -0.3473504,
    "m11": 0.926444769,
    "m21": 0.145078465,
    "m31": 0.0,
    "m02": -0.6851053,
    "m12": -0.145078465,
    "m22": -0.713851,
    "m32": 0.0,
    "m03": -5.582279,
    "m13": 34.9536171,
    "m23": 41.0514,
    "m33": 1.0
  },
  {
    "m00": -8.428097E-05,
    "m10": 0.222265571,
    "m20": 0.9749862,
    "m30": 0.0,
    "m01": 0.222265571,
    "m11": 0.9506022,
    "m21": -0.21668759,
    "m31": 0.0,
    "m02": -0.9749862,
    "m12": 0.21668759,
    "m22": -0.0494821072,
    "m32": 0.0,
    "m03": -47.8950729,
    "m13": -13.6027155,
    "m23": 47.4257126,
    "m33": 1.0
  },
  {
    "m00": -0.6574346,
    "m10": -0.696748257,
    "m20": -0.286917239,
    "m30": 0.0,
    "m01": -0.696748257,
    "m11": 0.707102656,
    "m21": -0.12061356,
    "m31": 0.0,
    "m02": 0.286917239,
    "m12": 0.12061356,
    "m22": -0.9503319,
    "m32": 0.0,
    "m03": 31.900835,
    "m13": 23.42565,
    "m23": -7.38318539,
    "m33": 1.0
  },
  {
    "m00": 0.9392665,
    "m10": -0.004659164,
    "m20": 0.343156964,
    "m30": 0.0,
    "m01": -0.004659164,
    "m11": 0.999642551,
    "m21": 0.0263252575,
    "m31": 0.0,
    "m02": -0.343156964,
    "m12": -0.0263252575,
    "m22": 0.9389091,
    "m32": 0.0,
    "m03": 28.9752235,
    "m13": -22.1224,
    "m23": 2.22019553,
    "m33": 1.0
  },
  {
    "m00": 0.543135643,
    "m10": -0.2472334,
    "m20": -0.8024209,
    "m30": 0.0,
    "m01": -0.2472334,
    "m11": 0.866209,
    "m21": -0.434232324,
    "m31": 0.0,
    "m02": 0.8024209,
    "m12": 0.434232324,
    "m22": 0.4093446,
    "m32": 0.0,
    "m03": -48.869133,
    "m13": -45.6333275,
    "m23": -1.16835237,
    "m33": 1.0
  },
  {
    "m00": 0.5322449,
    "m10": 0.47027263,
    "m20": -0.7039596,
    "m30": 0.0,
    "m01": 0.47027263,
    "m11": 0.5271963,
    "m21": 0.7077484,
    "m31": 0.0,
    "m02": 0.7039596,
    "m12": -0.7077484,
    "m22": 0.05944121,
    "m32": 0.0,
    "m03": 24.4572983,
    "m13": 15.71015,
    "m23": -48.64925,
    "m33": 1.0
  },
  {
    "m00": 0.536327,
    "m10": -0.792841852,
    "m20": -0.2894049,
    "m30": 0.0,
    "m01": -0.792841852,
    "m11": -0.3556931,
    "m21": -0.494858116,
    "m31": 0.0,
    "m02": 0.2894049,
    "m12": 0.494858116,
    "m22": -0.8193661,
    "m32": 0.0,
    "m03": -18.582922,
    "m13": 32.7463875,
    "m23": 48.5227928,
    "m33": 1.0
  },
  {
    "m00": 0.87953794,
    "m10": -0.174012527,
    "m20": 0.44286865,
    "m30": 0.0,
    "m01": -0.174012527,
    "m11": 0.748631537,
    "m21": 0.6397425,
    "m31": 0.0,
    "m02": -0.44286865,
    "m12": -0.6397425,
    "m22": 0.6281695,
    "m32": 0.0,
    "m03": -35.08072,
    "m13": -6.01550961,
    "m23": 21.861515,
    "m33": 1.0
  },
  {
    "m00": 0.995804,
    "m10": 0.00279114721,
    "m20": 0.0914687142,
    "m30": 0.0,
    "m01": 0.00279114721,
    "m11": 0.9981433,
    "m21": -0.06084486,
    "m31": 0.0,
    "m02": -0.0914687142,
    "m12": 0.06084486,
    "m22": 0.9939474,
    "m32": 0.0,
    "m03": 24.232935,
    "m13": -32.0929642,
    "m23": 3.18083167,
    "m33": 1.0
  },
  {
    "m00": 0.478097916,
    "m10": 0.648263454,
    "m20": 0.5926019,
    "m30": 0.0,
    "m01": 0.648263454,
    "m11": 0.194781,
    "m21": -0.7360808,
    "m31": 0.0,
    "m02": -0.5926019,
    "m12": 0.7360808,
    "m22": -0.327121019,
    "m32": 0.0,
    "m03": 43.1346779,
    "m13": -31.7318077,
    "m23": -34.3605881,
    "m33": 1.0
  },
  {
    "m00": 0.463069022,
    "m10": 0.462070227,
    "m20": -0.756345332,
    "m30": 0.0,
    "m01": 0.462070227,
    "m11": 0.6023532,
    "m21": 0.650893033,
    "m31": 0.0,
    "m02": 0.756345332,
    "m12": -0.650893033,
    "m22": 0.06542218,
    "m32": 0.0,
    "m03": 47.9021072,
    "m13": -23.5684223,
    "m23": -23.4991379,
    "m33": 1.0
  },
  {
    "m00": 0.8779734,
    "m10": 0.4107209,
    "m20": 0.2459086,
    "m30": 0.0,
    "m01": 0.4107209,
    "m11": -0.3824172,
    "m21": -0.8276868,
    "m31": 0.0,
    "m02": -0.2459086,
    "m12": 0.8276868,
    "m22": -0.504443765,
    "m32": 0.0,
    "m03": 18.1253414,
    "m13": -5.713791,
    "m23": 25.0909328,
    "m33": 1.0
  },
  {
    "m00": 0.7004018,
    "m10": 0.625736833,
    "m20": 0.343352139,
    "m30": 0.0,
    "m01": 0.625736833,
    "m11": -0.306905746,
    "m21": -0.717120767,
    "m31": 0.0,
    "m02": -0.343352139,
    "m12": 0.717120767,
    "m22": -0.606503963,
    "m32": 0.0,
    "m03": -37.3530159,
    "m13": -19.7659912,
    "m23": -28.1519775,
    "m33": 1.0
  },
  {
    "m00": -0.0245594978,
    "m10": -0.101035066,
    "m20": 0.9945797,
    "m30": 0.0,
    "m01": -0.101035066,
    "m11": 0.9900366,
    "m21": 0.09807865,
    "m31": 0.0,
    "m02": -0.9945797,
    "m12": -0.09807865,
    "m22": -0.03452289,
    "m32": 0.0,
    "m03": 20.0772743,
    "m13": -8.329743,
    "m23": 37.3288765,
    "m33": 1.0
  },
  {
    "m00": 0.358724356,
    "m10": 0.883552253,
    "m20": 0.301085234,
    "m30": 0.0,
    "m01": 0.883552253,
    "m11": -0.217361927,
    "m21": -0.4148365,
    "m31": 0.0,
    "m02": -0.301085234,
    "m12": 0.4148365,
    "m22": -0.8586376,
    "m32": 0.0,
    "m03": 16.2680016,
    "m13": 30.8208942,
    "m23": -31.79189,
    "m33": 1.0
  },
  {
    "m00": -0.0005059242,
    "m10": -0.6020914,
    "m20": -0.798427165,
    "m30": 0.0,
    "m01": -0.6020914,
    "m11": 0.637669265,
    "m21": -0.480483025,
    "m31": 0.0,
    "m02": 0.798427165,
    "m12": 0.480483025,
    "m22": -0.3628366,
    "m32": 0.0,
    "m03": -31.6090584,
    "m13": -14.8501692,
    "m23": -38.5437241,
    "m33": 1.0
  },
  {
    "m00": 0.998732567,
    "m10": -0.0314313248,
    "m20": 0.0393106528,
    "m30": 0.0,
    "m01": -0.0314313248,
    "m11": 0.220527,
    "m21": 0.974874437,
    "m31": 0.0,
    "m02": -0.0393106528,
    "m12": -0.974874437,
    "m22": 0.21925956,
    "m32": 0.0,
    "m03": 7.312793,
    "m13": 16.2675133,
    "m23": 14.5501242,
    "m33": 1.0
  },
  {
    "m00": 0.674356937,
    "m10": 0.0236988887,
    "m20": -0.7380251,
    "m30": 0.0,
    "m01": 0.0236988887,
    "m11": 0.9982753,
    "m21": 0.0537102669,
    "m31": 0.0,
    "m02": 0.7380251,
    "m12": -0.0537102669,
    "m22": 0.6726322,
    "m32": 0.0,
    "m03": -1.4711082,
    "m13": 39.2274246,
    "m23": 34.2586746,
    "m33": 1.0
  },
  {
    "m00": -0.421540618,
    "m10": -0.5039416,
    "m20": -0.7538876,
    "m30": 0.0,
    "m01": -0.5039416,
    "m11": 0.8213508,
    "m21": -0.267256051,
    "m31": 0.0,
    "m02": 0.7538876,
    "m12": 0.267256051,
    "m22": -0.6001898,
    "m32": 0.0,
    "m03": -22.2641163,
    "m13": -43.8230171,
    "m23": -28.6548729,
    "m33": 1.0
  },
  {
    "m00": 0.7943525,
    "m10": -0.5343789,
    "m20": -0.288865656,
    "m30": 0.0,
    "m01": -0.5343789,
    "m11": -0.388593435,
    "m21": -0.7506227,
    "m31": 0.0,
    "m02": 0.288865656,
    "m12": 0.7506227,
    "m22": -0.594241,
    "m32": 0.0,
    "m03": 41.0389671,
    "m13": 43.55315,
    "m23": -42.8237076,
    "m33": 1.0
  },
  {
    "m00": 0.648222446,
    "m10": 0.08658443,
    "m20": 0.7565123,
    "m30": 0.0,
    "m01": 0.08658443,
    "m11": 0.978688657,
    "m21": -0.18620339,
    "m31": 0.0,
    "m02": -0.7565123,
    "m12": 0.18620339,
    "m22": 0.626911044,
    "m32": 0.0,
    "m03": 5.218095,
    "m13": 1.36066079,
    "m23": 1.42939687,
    "m33": 1.0
  },
  {
    "m00": 0.99968493,
    "m10": -0.0218067914,
    "m20": -0.012430151,
    "m30": 0.0,
    "m01": -0.0218067914,
    "m11": -0.509293556,
    "m21": -0.8603167,
    "m31": 0.0,
    "m02": 0.012430151,
    "m12": 0.8603167,
    "m22": -0.5096086,
    "m32": 0.0,
    "m03": 26.292944,
    "m13": 23.2881165,
    "m23": 32.9473839,
    "m33": 1.0
  },
  {
    "m00": -0.122065067,
    "m10": -0.8956002,
    "m20": -0.427785754,
    "m30": 0.0,
    "m01": -0.8956002,
    "m11": 0.285157561,
    "m21": -0.34144634,
    "m31": 0.0,
    "m02": 0.427785754,
    "m12": 0.34144634,
    "m22": -0.8369075,
    "m32": 0.0,
    "m03": -33.4479,
    "m13": 31.430769,
    "m23": 35.7765427,
    "m33": 1.0
  },
  {
    "m00": 0.6928885,
    "m10": 0.688638449,
    "m20": 0.21373488,
    "m30": 0.0,
    "m01": 0.688638449,
    "m11": -0.544139266,
    "m21": -0.479259342,
    "m31": 0.0,
    "m02": -0.21373488,
    "m12": 0.479259342,
    "m22": -0.851250768,
    "m32": 0.0,
    "m03": 34.02009,
    "m13": 39.50918,
    "m23": -19.974535,
    "m33": 1.0
  },
  {
    "m00": 0.3510294,
    "m10": -0.00640143268,
    "m20": -0.936342657,
    "m30": 0.0,
    "m01": -0.00640143268,
    "m11": 0.9999369,
    "m21": -0.009236065,
    "m31": 0.0,
    "m02": 0.936342657,
    "m12": 0.009236065,
    "m22": 0.350966275,
    "m32": 0.0,
    "m03": 9.885508,
    "m13": -25.8115654,
    "m23": 4.539853,
    "m33": 1.0
  },
  {
    "m00": 0.7474538,
    "m10": 0.543487966,
    "m20": -0.382012516,
    "m30": 0.0,
    "m01": 0.543487966,
    "m11": -0.169604778,
    "m21": 0.822104037,
    "m31": 0.0,
    "m02": 0.382012516,
    "m12": -0.822104037,
    "m22": -0.42215097,
    "m32": 0.0,
    "m03": -23.2763939,
    "m13": 41.90172,
    "m23": -5.00420952,
    "m33": 1.0
  },
  {
    "m00": 0.6031423,
    "m10": -0.195191577,
    "m20": -0.7733819,
    "m30": 0.0,
    "m01": -0.195191577,
    "m11": 0.903996468,
    "m21": -0.38038227,
    "m31": 0.0,
    "m02": 0.7733819,
    "m12": 0.38038227,
    "m22": 0.5071387,
    "m32": 0.0,
    "m03": 1.40135884,
    "m13": -42.0838242,
    "m23": 3.58876586,
    "m33": 1.0
  },
  {
    "m00": 0.8532437,
    "m10": 0.443188578,
    "m20": 0.2748801,
    "m30": 0.0,
    "m01": 0.443188578,
    "m11": -0.338383079,
    "m21": -0.83010906,
    "m31": 0.0,
    "m02": -0.2748801,
    "m12": 0.83010906,
    "m22": -0.48513937,
    "m32": 0.0,
    "m03": -12.8189983,
    "m13": -15.19621,
    "m23": 0.848919153,
    "m33": 1.0
  },
  {
    "m00": 0.823231936,
    "m10": 0.248127058,
    "m20": 0.5106096,
    "m30": 0.0,
    "m01": 0.248127058,
    "m11": 0.6517073,
    "m21": -0.7167361,
    "m31": 0.0,
    "m02": -0.5106096,
    "m12": 0.7167361,
    "m22": 0.474939227,
    "m32": 0.0,
    "m03": 40.6291351,
    "m13": 6.9608984,
    "m23": -5.609661,
    "m33": 1.0
  },
  {
    "m00": -0.8275933,
    "m10": 0.5329397,
    "m20": -0.176251382,
    "m30": 0.0,
    "m01": 0.5329397,
    "m11": 0.844590843,
    "m21": 0.0513962,
    "m31": 0.0,
    "m02": 0.176251382,
    "m12": -0.0513962,
    "m22": -0.9830024,
    "m32": 0.0,
    "m03": -47.1391678,
    "m13": 30.9451218,
    "m23": 6.10413,
    "m33": 1.0
  },
  {
    "m00": 0.497598767,
    "m10": -0.635563552,
    "m20": -0.5903003,
    "m30": 0.0,
    "m01": -0.635563552,
    "m11": 0.1959793,
    "m21": -0.746760368,
    "m31": 0.0,
    "m02": 0.5903003,
    "m12": 0.746760368,
    "m22": -0.306422,
    "m32": 0.0,
    "m03": -4.82049561,
    "m13": 10.1893959,
    "m23": -6.2316,
    "m33": 1.0
  },
  {
    "m00": -0.885157,
    "m10": 0.0221199058,
    "m20": 0.4647666,
    "m30": 0.0,
    "m01": 0.0221199058,
    "m11": 0.9997404,
    "m21": -0.00545344129,
    "m31": 0.0,
    "m02": -0.4647666,
    "m12": 0.00545344129,
    "m22": -0.8854165,
    "m32": 0.0,
    "m03": -24.9859161,
    "m13": 29.3782711,
    "m23": -15.8437433,
    "m33": 1.0
  },
  {
    "m00": 0.999813139,
    "m10": -0.0101154568,
    "m20": -0.0164714511,
    "m30": 0.0,
    "m01": -0.0101154568,
    "m11": 0.452332079,
    "m21": -0.891792238,
    "m31": 0.0,
    "m02": 0.0164714511,
    "m12": 0.891792238,
    "m22": 0.452145219,
    "m32": 0.0,
    "m03": -37.9361038,
    "m13": 1.27113461,
    "m23": -12.9939137,
    "m33": 1.0
  },
  {
    "m00": -0.05508101,
    "m10": 0.9738023,
    "m20": 0.220624492,
    "m30": 0.0,
    "m01": 0.9738023,
    "m11": 0.101215065,
    "m21": -0.20362857,
    "m31": 0.0,
    "m02": -0.220624492,
    "m12": 0.20362857,
    "m22": -0.953866,
    "m32": 0.0,
    "m03": 3.87077928,
    "m13": -41.5961761,
    "m23": 11.7927132,
    "m33": 1.0
  },
  {
    "m00": 0.534178436,
    "m10": -0.800043344,
    "m20": 0.2731009,
    "m30": 0.0,
    "m01": -0.800043344,
    "m11": -0.374065518,
    "m21": 0.469047755,
    "m31": 0.0,
    "m02": -0.2731009,
    "m12": -0.469047755,
    "m22": -0.839887142,
    "m32": 0.0,
    "m03": 38.43987,
    "m13": 21.0639229,
    "m23": 14.7381525,
    "m33": 1.0
  },
  {
    "m00": 0.9629803,
    "m10": -0.202170223,
    "m20": 0.178314835,
    "m30": 0.0,
    "m01": -0.202170223,
    "m11": -0.104081988,
    "m21": 0.9738041,
    "m31": 0.0,
    "m02": -0.178314835,
    "m12": -0.9738041,
    "m22": -0.141101718,
    "m32": 0.0,
    "m03": -49.53768,
    "m13": -25.3788471,
    "m23": -23.1448822,
    "m33": 1.0
  },
  {
    "m00": 0.999705255,
    "m10": -0.00682709971,
    "m20": -0.0232971031,
    "m30": 0.0,
    "m01": -0.00682709971,
    "m11": 0.8418553,
    "m21": -0.539660156,
    "m31": 0.0,
    "m02": 0.0232971031,
    "m12": 0.539660156,
    "m22": 0.841560543,
    "m32": 0.0,
    "m03": -27.4958611,
    "m13": 46.18244,
    "m23": -28.8259144,
    "m33": 1.0
  },
  {
    "m00": 0.370143831,
    "m10": 0.06772162,
    "m20": 0.926502764,
    "m30": 0.0,
    "m01": 0.06772162,
    "m11": 0.992718637,
    "m21": -0.09961682,
    "m31": 0.0,
    "m02": -0.926502764,
    "m12": 0.09961682,
    "m22": 0.362862468,
    "m32": 0.0,
    "m03": -15.812212,
    "m13": 29.6444168,
    "m23": -22.8174744,
    "m33": 1.0
  },
  {
    "m00": 0.9449125,
    "m10": 0.2962423,
    "m20": 0.139215246,
    "m30": 0.0,
    "m01": 0.2962423,
    "m11": -0.5930927,
    "m21": -0.7486534,
    "m31": 0.0,
    "m02": -0.139215246,
    "m12": 0.7486534,
    "m22": -0.6481801,
    "m32": 0.0,
    "m03": -16.57533,
    "m13": -48.55722,
    "m23": -33.8967819,
    "m33": 1.0
  },
  {
    "m00": 0.506818533,
    "m10": -0.6480918,
    "m20": -0.5684294,
    "m30": 0.0,
    "m01": -0.6480918,
    "m11": 0.148339927,
    "m21": -0.746975362,
    "m31": 0.0,
    "m02": 0.5684294,
    "m12": 0.746975362,
    "m22": -0.3448416,
    "m32": 0.0,
    "m03": 23.629425,
    "m13": -16.72935,
    "m23": -10.3540363,
    "m33": 1.0
  },
  {
    "m00": 0.991689146,
    "m10": -0.009322761,
    "m20": 0.128318861,
    "m30": 0.0,
    "m01": -0.009322761,
    "m11": 0.9895421,
    "m21": 0.143942565,
    "m31": 0.0,
    "m02": -0.128318861,
    "m12": -0.143942565,
    "m22": 0.9812313,
    "m32": 0.0,
    "m03": -25.5084267,
    "m13": 19.6336136,
    "m23": 13.7048111,
    "m33": 1.0
  },
  {
    "m00": 0.5927907,
    "m10": -0.16409564,
    "m20": -0.7884617,
    "m30": 0.0,
    "m01": -0.16409564,
    "m11": 0.933873355,
    "m21": -0.317731261,
    "m31": 0.0,
    "m02": 0.7884617,
    "m12": 0.317731261,
    "m22": 0.5266641,
    "m32": 0.0,
    "m03": -32.04168,
    "m13": 48.80613,
    "m23": -0.5115092,
    "m33": 1.0
  },
  {
    "m00": 0.9374686,
    "m10": -0.120237075,
    "m20": 0.32664302,
    "m30": 0.0,
    "m01": -0.120237075,
    "m11": 0.768804848,
    "m21": 0.628078163,
    "m31": 0.0,
    "m02": -0.32664302,
    "m12": -0.628078163,
    "m22": 0.706273437,
    "m32": 0.0,
    "m03": 6.01044273,
    "m13": 22.4814644,
    "m23": -15.3380575,
    "m33": 1.0
  },
  {
    "m00": 0.687868953,
    "m10": 0.420932084,
    "m20": 0.591314256,
    "m30": 0.0,
    "m01": 0.420932084,
    "m11": 0.432341516,
    "m21": -0.7974316,
    "m31": 0.0,
    "m02": -0.591314256,
    "m12": 0.7974316,
    "m22": 0.120210528,
    "m32": 0.0,
    "m03": 38.6520729,
    "m13": -30.8204536,
    "m23": -23.2312984,
    "m33": 1.0
  },
  {
    "m00": 0.701529741,
    "m10": 0.235544443,
    "m20": -0.6725882,
    "m30": 0.0,
    "m01": 0.235544443,
    "m11": 0.814114869,
    "m21": 0.5307879,
    "m31": 0.0,
    "m02": 0.6725882,
    "m12": -0.5307879,
    "m22": 0.5156446,
    "m32": 0.0,
    "m03": -22.4984474,
    "m13": 42.6738625,
    "m23": -30.4424515,
    "m33": 1.0
  },
  {
    "m00": 0.9946832,
    "m10": 0.0196162164,
    "m20": -0.101096459,
    "m30": 0.0,
    "m01": 0.0196162164,
    "m11": 0.927626133,
    "m21": 0.372994632,
    "m31": 0.0,
    "m02": 0.101096459,
    "m12": -0.372994632,
    "m22": 0.922309339,
    "m32": 0.0,
    "m03": -41.4029961,
    "m13": -13.6831226,
    "m23": 24.4027481,
    "m33": 1.0
  },
  {
    "m00": 0.4901719,
    "m10": -0.7796719,
    "m20": -0.38967064,
    "m30": 0.0,
    "m01": -0.7796719,
    "m11": -0.192339659,
    "m21": -0.595917046,
    "m31": 0.0,
    "m02": 0.38967064,
    "m12": 0.595917046,
    "m22": -0.702167749,
    "m32": 0.0,
    "m03": 44.9367752,
    "m13": -23.1388874,
    "m23": -0.751525164,
    "m33": 1.0
  },
  {
    "m00": 0.8983529,
    "m10": 0.331303149,
    "m20": -0.2884445,
    "m30": 0.0,
    "m01": 0.331303149,
    "m11": -0.0798321962,
    "m21": 0.940141,
    "m31": 0.0,
    "m02": 0.2884445,
    "m12": -0.940141,
    "m22": -0.181479216,
    "m32": 0.0,
    "m03": 36.2072945,
    "m13": 14.4416313,
    "m23": -34.39543,
    "m33": 1.0
  },
  {
    "m00": 0.178934634,
    "m10": 0.8789518,
    "m20": 0.4420705,
    "m30": 0.0,
    "m01": 0.8789518,
    "m11": 0.05908066,
    "m21": -0.473237216,
    "m31": 0.0,
    "m02": -0.4420705,
    "m12": 0.473237216,
    "m22": -0.7619847,
    "m32": 0.0,
    "m03": 36.16918,
    "m13": -28.3962364,
    "m23": -16.47573,
    "m33": 1.0
  },
  {
    "m00": 0.661672,
    "m10": -0.3957968,
    "m20": -0.6368163,
    "m30": 0.0,
    "m01": -0.3957968,
    "m11": 0.536972642,
    "m21": -0.7449868,
    "m31": 0.0,
    "m02": 0.6368163,
    "m12": 0.7449868,
    "m22": 0.1986447,
    "m32": 0.0,
    "m03": 12.5607471,
    "m13": 39.2856255,
    "m23": 4.761237,
    "m33": 1.0
  },
  {
    "m00": -0.138829827,
    "m10": 0.514275432,
    "m20": -0.846314,
    "m30": 0.0,
    "m01": 0.514275432,
    "m11": 0.7677623,
    "m21": 0.382180423,
    "m31": 0.0,
    "m02": 0.846314,
    "m12": -0.382180423,
    "m22": -0.371067524,
    "m32": 0.0,
    "m03": -30.7222729,
    "m13": -13.18273,
    "m23": -39.8670654,
    "m33": 1.0
  },
  {
    "m00": 0.8357376,
    "m10": 0.491117,
    "m20": -0.245655954,
    "m30": 0.0,
    "m01": 0.491117,
    "m11": -0.468356967,
    "m21": 0.734469831,
    "m31": 0.0,
    "m02": 0.245655954,
    "m12": -0.734469831,
    "m22": -0.6326194,
    "m32": 0.0,
    "m03": 4.772764,
    "m13": -5.573863,
    "m23": 46.6698647,
    "m33": 1.0
  },
  {
    "m00": 0.983553648,
    "m10": -0.07296078,
    "m20": -0.1652239,
    "m30": 0.0,
    "m01": -0.07296078,
    "m11": 0.6763247,
    "m21": -0.732981265,
    "m31": 0.0,
    "m02": 0.1652239,
    "m12": 0.732981265,
    "m22": 0.6598784,
    "m32": 0.0,
    "m03": -38.6822357,
    "m13": 21.1794949,
    "m23": -40.6639,
    "m33": 1.0
  },
  {
    "m00": 0.894274831,
    "m10": -0.3612408,
    "m20": 0.2641545,
    "m30": 0.0,
    "m01": -0.3612408,
    "m11": -0.23428452,
    "m21": 0.9025608,
    "m31": 0.0,
    "m02": -0.2641545,
    "m12": -0.9025608,
    "m22": -0.3400097,
    "m32": 0.0,
    "m03": -21.9022217,
    "m13": 12.9601345,
    "m23": 11.4695129,
    "m33": 1.0
  },
  {
    "m00": 0.803156853,
    "m10": 0.06104666,
    "m20": 0.592631757,
    "m30": 0.0,
    "m01": 0.06104666,
    "m11": 0.9810677,
    "m21": -0.183792,
    "m31": 0.0,
    "m02": -0.592631757,
    "m12": 0.183792,
    "m22": 0.78422457,
    "m32": 0.0,
    "m03": -2.646631,
    "m13": -46.0964432,
    "m23": -10.7105074,
    "m33": 1.0
  },
  {
    "m00": 0.719392955,
    "m10": -0.203353614,
    "m20": 0.6641695,
    "m30": 0.0,
    "m01": -0.203353614,
    "m11": 0.85263133,
    "m21": 0.4813182,
    "m31": 0.0,
    "m02": -0.6641695,
    "m12": -0.4813182,
    "m22": 0.5720242,
    "m32": 0.0,
    "m03": 48.30252,
    "m13": 35.3815422,
    "m23": 1.013118,
    "m33": 1.0
  },
  {
    "m00": -0.260870934,
    "m10": 0.268010974,
    "m20": 0.9274246,
    "m30": 0.0,
    "m01": 0.268010974,
    "m11": 0.943031549,
    "m21": -0.197133571,
    "m31": 0.0,
    "m02": -0.9274246,
    "m12": 0.197133571,
    "m22": -0.317839384,
    "m32": 0.0,
    "m03": 48.379982,
    "m13": -12.1873913,
    "m23": -16.3176,
    "m33": 1.0
  },
  {
    "m00": 0.204627514,
    "m10": -0.716592669,
    "m20": 0.6668003,
    "m30": 0.0,
    "m01": -0.716592669,
    "m11": 0.354384243,
    "m21": 0.6007552,
    "m31": 0.0,
    "m02": -0.6668003,
    "m12": -0.6007552,
    "m22": -0.4409883,
    "m32": 0.0,
    "m03": -21.8716087,
    "m13": -4.644293,
    "m23": 33.66593,
    "m33": 1.0
  },
  {
    "m00": 0.9989258,
    "m10": 0.0233356077,
    "m20": 0.0400340147,
    "m30": 0.0,
    "m01": 0.0233356077,
    "m11": 0.493070364,
    "m21": -0.8696765,
    "m31": 0.0,
    "m02": -0.0400340147,
    "m12": 0.8696765,
    "m22": 0.491996169,
    "m32": 0.0,
    "m03": 32.1683273,
    "m13": -31.6877365,
    "m23": 26.4132729,
    "m33": 1.0
  },
  {
    "m00": 0.458584666,
    "m10": -0.0013975933,
    "m20": -0.8886496,
    "m30": 0.0,
    "m01": -0.0013975933,
    "m11": 0.999996364,
    "m21": -0.00229393342,
    "m31": 0.0,
    "m02": 0.8886496,
    "m12": 0.00229393342,
    "m22": 0.45858103,
    "m32": 0.0,
    "m03": -19.1880169,
    "m13": 44.7110519,
    "m23": 43.3709641,
    "m33": 1.0
  },
  {
    "m00": 0.4585291,
    "m10": 0.659547865,
    "m20": 0.595607042,
    "m30": 0.0,
    "m01": 0.659547865,
    "m11": 0.196626484,
    "m21": -0.7254893,
    "m31": 0.0,
    "m02": -0.595607042,
    "m12": 0.7254893,
    "m22": -0.344844341,
    "m32": 0.0,
    "m03": 19.0708733,
    "m13": -0.05018115,
    "m23": 3.32623124,
    "m33": 1.0
  },
  {
    "m00": 0.75008285,
    "m10": -0.2713182,
    "m20": 0.603127,
    "m30": 0.0,
    "m01": -0.2713182,
    "m11": 0.705448151,
    "m21": 0.6547743,
    "m31": 0.0,
    "m02": -0.603127,
    "m12": -0.6547743,
    "m22": 0.455531,
    "m32": 0.0,
    "m03": 1.45059228,
    "m13": 45.3933945,
    "m23": -5.51938438,
    "m33": 1.0
  },
  {
    "m00": 0.953755736,
    "m10": 0.03367759,
    "m20": -0.29869017,
    "m30": 0.0,
    "m01": 0.03367759,
    "m11": 0.9754741,
    "m21": 0.217522442,
    "m31": 0.0,
    "m02": 0.29869017,
    "m12": -0.217522442,
    "m22": 0.929229856,
    "m32": 0.0,
    "m03": -18.02606,
    "m13": 37.2630463,
    "m23": 34.8768845,
    "m33": 1.0
  },
  {
    "m00": 0.9957398,
    "m10": 0.008738285,
    "m20": 0.09179263,
    "m30": 0.0,
    "m01": 0.008738285,
    "m11": 0.9820765,
    "m21": -0.188280091,
    "m31": 0.0,
    "m02": -0.09179263,
    "m12": 0.188280091,
    "m22": 0.9778163,
    "m32": 0.0,
    "m03": -7.49432468,
    "m13": -29.3638821,
    "m23": -44.7990646,
    "m33": 1.0
  },
  {
    "m00": 0.859475136,
    "m10": 0.19640255,
    "m20": -0.471941262,
    "m30": 0.0,
    "m01": 0.19640255,
    "m11": 0.7255008,
    "m21": 0.659601867,
    "m31": 0.0,
    "m02": 0.471941262,
    "m12": -0.659601867,
    "m22": 0.584975958,
    "m32": 0.0,
    "m03": 46.55732,
    "m13": 34.28824,
    "m23": -0.499302149,
    "m33": 1.0
  },
  {
    "m00": -0.132104516,
    "m10": 0.4970991,
    "m20": 0.8575785,
    "m30": 0.0,
    "m01": 0.4970991,
    "m11": 0.7817273,
    "m21": -0.376556665,
    "m31": 0.0,
    "m02": -0.8575785,
    "m12": 0.376556665,
    "m22": -0.3503772,
    "m32": 0.0,
    "m03": 41.5845642,
    "m13": 46.2289352,
    "m23": -17.8823051,
    "m33": 1.0
  },
  {
    "m00": 0.6495801,
    "m10": 0.206375539,
    "m20": 0.731747746,
    "m30": 0.0,
    "m01": 0.206375539,
    "m11": 0.878457665,
    "m21": -0.430953979,
    "m31": 0.0,
    "m02": -0.731747746,
    "m12": 0.430953979,
    "m22": 0.5280378,
    "m32": 0.0,
    "m03": -8.768278,
    "m13": -42.2776,
    "m23": 12.00214,
    "m33": 1.0
  },
  {
    "m00": 0.7329314,
    "m10": 0.262466937,
    "m20": 0.6276327,
    "m30": 0.0,
    "m01": 0.262466937,
    "m11": 0.7420555,
    "m21": -0.6168183,
    "m31": 0.0,
    "m02": -0.6276327,
    "m12": 0.6168183,
    "m22": 0.474986851,
    "m32": 0.0,
    "m03": -11.1617508,
    "m13": 8.408231,
    "m23": 15.2949314,
    "m33": 1.0
  },
  {
    "m00": 0.5455823,
    "m10": -0.6039965,
    "m20": 0.5809718,
    "m30": 0.0,
    "m01": -0.6039965,
    "m11": 0.197188318,
    "m21": 0.772208,
    "m31": 0.0,
    "m02": -0.5809718,
    "m12": -0.772208,
    "m22": -0.257229328,
    "m32": 0.0,
    "m03": -28.3621559,
    "m13": 36.7879753,
    "m23": 27.29658,
    "m33": 1.0
  },
  {
    "m00": 0.554428458,
    "m10": -0.4667146,
    "m20": 0.689047635,
    "m30": 0.0,
    "m01": -0.4667146,
    "m11": 0.511139154,
    "m21": 0.721744,
    "m31": 0.0,
    "m02": -0.689047635,
    "m12": -0.721744,
    "m22": 0.06556761,
    "m32": 0.0,
    "m03": -44.74254,
    "m13": 37.3471756,
    "m23": 2.65451074,
    "m33": 1.0
  },
  {
    "m00": 0.9057642,
    "m10": -0.393264353,
    "m20": -0.157906011,
    "m30": 0.0,
    "m01": -0.393264353,
    "m11": -0.6411694,
    "m21": -0.6589728,
    "m31": 0.0,
    "m02": 0.157906011,
    "m12": 0.6589728,
    "m22": -0.7354052,
    "m32": 0.0,
    "m03": 20.87451,
    "m13": -4.50010872,
    "m23": 35.2820168,
    "m33": 1.0
  },
  {
    "m00": 0.921384037,
    "m10": 0.136016518,
    "m20": 0.364075571,
    "m30": 0.0,
    "m01": 0.136016518,
    "m11": 0.764672637,
    "m21": -0.629901052,
    "m31": 0.0,
    "m02": -0.364075571,
    "m12": 0.629901052,
    "m22": 0.6860567,
    "m32": 0.0,
    "m03": -45.24623,
    "m13": 40.1491165,
    "m23": 21.171402,
    "m33": 1.0
  },
  {
    "m00": 0.738352656,
    "m10": -0.24272579,
    "m20": 0.6292214,
    "m30": 0.0,
    "m01": -0.24272579,
    "m11": 0.7748274,
    "m21": 0.583717942,
    "m31": 0.0,
    "m02": -0.6292214,
    "m12": -0.583717942,
    "m22": 0.5131801,
    "m32": 0.0,
    "m03": -17.9905949,
    "m13": -26.3217564,
    "m23": -27.1311874,
    "m33": 1.0
  },
  {
    "m00": 0.3679049,
    "m10": -0.426131368,
    "m20": 0.826473236,
    "m30": 0.0,
    "m01": -0.426131368,
    "m11": 0.7127205,
    "m21": 0.5571728,
    "m31": 0.0,
    "m02": -0.826473236,
    "m12": -0.5571728,
    "m22": 0.0806254148,
    "m32": 0.0,
    "m03": 47.66958,
    "m13": 17.5741768,
    "m23": 5.819708,
    "m33": 1.0
  },
  {
    "m00": 0.257620275,
    "m10": 0.723945,
    "m20": 0.6399496,
    "m30": 0.0,
    "m01": 0.723945,
    "m11": 0.294031858,
    "m21": -0.6240584,
    "m31": 0.0,
    "m02": -0.6399496,
    "m12": 0.6240584,
    "m22": -0.4483478,
    "m32": 0.0,
    "m03": 4.99961948,
    "m13": 20.7228165,
    "m23": 9.72237,
    "m33": 1.0
  },
  {
    "m00": -0.3184173,
    "m10": 0.9474607,
    "m20": 0.030478755,
    "m30": 0.0,
    "m01": 0.9474607,
    "m11": 0.319121659,
    "m21": -0.0219030976,
    "m31": 0.0,
    "m02": -0.030478755,
    "m12": 0.0219030976,
    "m22": -0.9992957,
    "m32": 0.0,
    "m03": -20.5640144,
    "m13": -3.51026654,
    "m23": -48.5022659,
    "m33": 1.0
  }
]