[
  {
    "m00": 0.959743857,
    "m10": -0.008703253,
    "m20": -0.28074193,
    "m30": 0.0,
    "m01": -0.008703253,
    "m11": 0.9981184,
    "m21": -0.0606955,
    "m31": 0.0,
    "m02": 0.28074193,
    "m12": 0.0606955,
    "m22": 0.9578622,
    "m32": 0.0,
    "m03": -14.0955029,
    "m13": 0.7825911,
    "m23": 13.3687716,
    "m33": 1.0
  },
  {
    "m00": 0.5900752,
    "m10": -0.6967124,
    "m20": -0.4079255,
    "m30": 0.0,
    "m01": -0.6967124,
    "m11": -0.18413949,
    "m21": -0.6933143,
    "m31": 0.0,
    "m02": 0.4079255,
    "m12": 0.6933143,
    "m22": -0.594064236,
    "m32": 0.0,
    "m03": -33.4185257,
    "m13": -3.18133235,
    "m23": -28.1035061,
    "m33": 1.0
  },
  {
    "m00": 0.9862485,
    "m10": -0.0488523543,
    "m20": 0.157884151,
    "m30": 0.0,
    "m01": -0.0488523543,
    "m11": 0.8264519,
    "m21": 0.5608839,
    "m31": 0.0,
    "m02": -0.157884151,
    "m12": -0.5608839,
    "m22": 0.812700331,
    "m32": 0.0,
    "m03": 36.985672,
    "m13": -44.4049835,
    "m23": 0.215607882,
    "m33": 1.0
  },
  {
    "m00": -0.6522392,
    "m10": -0.2580397,
    "m20": 0.712740839,
    "m30": 0.0,
    "m01": -0.2580397,
    "m11": 0.959700465,
    "m21": 0.111312836,
    "m31": 0.0,
    "m02": -0.712740839,
    "m12": -0.111312836,
    "m22": -0.692538738,
    "m32": 0.0,
    "m03": -47.8084564,
    "m13": 7.342595,
    "m23": -41.60601,
    "m33": 1.0
  },
  {
    "m00": 0.614095747,
    "m10": 0.34022662,
    "m20": 0.712132156,
    "m30": 0.0,
    "m01": 0.34022662,
    "m11": 0.7000444,
    "m21": -0.627840459,
    "m31": 0.0,
    "m02": -0.712132156,
    "m12": 0.627840459,
    "m22": 0.314140141,
    "m32": 0.0,
    "m03": -8.52504349,
    "m13": 44.5002556,
    "m23": 21.0756874,
    "m33": 1.0
  },
  {
    "m00": 0.995521963,
    "m10": -0.03279585,
    "m20": 0.08865918,
    "m30": 0.0,
    "m01": -0.03279585,
    "m11": 0.7598126,
    "m21": 0.649314463,
    "m31": 0.0,
    "m02": -0.08865918,
    "m12": -0.649314463,
    "m22": 0.755334556,
    "m32": 0.0,
    "m03": -9.164244,
    "m13": 18.3806171,
    "m23": -48.38773,
    "m33": 1.0
  },
  {
    "m00": -0.6697613,
    "m10": -0.0071903565,
    "m20": -0.742541552,
    "m30": 0.0,
    "m01": -0.0071903565,
    "m11": 0.999969065,
    "m21": -0.003197546,
    "m31": 0.0,
    "m02": 0.742541552,
    "m12": 0.003197546,
    "m22": -0.6697923,
    "m32": 0.0,
    "m03": 12.1879759,
    "m13": -2.49400735,
    "m23": -44.37469,
    "m33": 1.0
  },
  {
    "m00": 0.258668542,
    "m10": 0.5949754,
    "m20": 0.7609829,
    "m30": 0.0,
    "m01": 0.5949754,
    "m11": 0.5224865,
    "m21": -0.6107472,
    "m31": 0.0,
    "m02": -0.7609829,
    "m12": 0.6107472,
    "m22": -0.218844891,
    "m32": 0.0,
    "m03": -6.985468,
    "m13": 22.6311188,
    "m23": -16.76225,
    "m33": 1.0
  },
  {
    "m00": 0.76157546,
    "m10": 0.185024723,
    "m20": 0.6211028,
    "m30": 0.0,
    "m01": 0.185024723,
    "m11": 0.856415153,
    "m21": -0.481994778,
    "m31": 0.0,
    "m02": -0.6211028,
    "m12": 0.481994778,
    "m22": 0.6179906,
    "m32": 0.0,
    "m03": 37.2609253,
    "m13": 22.1544132,
    "m23": -41.4537659,
    "m33": 1.0
  },
  {
    "m00": -0.204184413,
    "m10": 0.09603136,
    "m20": -0.974210858,
    "m30": 0.0,
    "m01": 0.09603136,
    "m11": 0.9923417,
    "m21": 0.07769141,
    "m31": 0.0,
    "m02": 0.974210858,
    "m12": -0.07769141,
    "m22": -0.211842775,
    "m32": 0.0,
    "m03": 35.924305,
    "m13": 19.78954,
    "m23": -5.8127346,
    "m33": 1.0
  },
  {
    "m00": 0.8750035,
    "m10": -0.120582759,
    "m20": 0.4688589,
    "m30": 0.0,
    "m01": -0.120582759,
    "m11": 0.8836751,
    "m21": 0.4523031,
    "m31": 0.0,
    "m02": -0.4688589,
    "m12": -0.4523031,
    "m22": 0.7586786,
    "m32": 0.0,
    "m03": 20.0745449,
    "m13": -26.1950016,
    "m23": 11.8802967,
    "m33": 1.0
  },
  {
    "m00": 0.427286923,
    "m10": 0.77631253,
    "m20": -0.4634272,
    "m30": 0.0,
    "m01": 0.77631253,
    "m11": -0.05229163,
    "m21": 0.6281755,
    "m31": 0.0,
    "m02": 0.4634272,
    "m12": -0.6281755,
    "m22": -0.625004768,
    "m32": 0.0,
    "m03": -38.62896,
    "m13": -15.111393,
    "m23": 5.30993366,
    "m33": 1.0
  },
  {
    "m00": 0.9057458,
    "m10": 0.200508237,
    "m20": 0.3733912,
    "m30": 0.0,
    "m01": 0.200508237,
    "m11": 0.573456168,
    "m21": -0.794320166,
    "m31": 0.0,
    "m02": -0.3733912,
    "m12": 0.794320166,
    "m22": 0.4792019,
    "m32": 0.0,
    "m03": -46.47274,
    "m13": -13.514513,
    "m23": -8.278817,
    "m33": 1.0
  },
  {
    "m00": 0.9992064,
    "m10": -0.004366747,
    "m20": 0.0395905077,
    "m30": 0.0,
    "m01": -0.004366747,
    "m11": 0.975970745,
    "m21": 0.217857778,
    "m31": 0.0,
    "m02": -0.0395905077,
    "m12": -0.217857778,
    "m22": 0.9751772,
    "m32": 0.0,
    "m03": -35.10735,
    "m13": -44.4221039,
    "m23": -3.687483,
    "m33": 1.0
  },
  {
    "m00": -0.447575331,
    "m10": 0.160883039,
    "m20": -0.879655,
    "m30": 0.0,
    "m01": 0.160883039,
    "m11": 0.9821195,
    "m21": 0.09776456,
    "m31": 0.0,
    "m02": 0.879655,
    "m12": -0.09776456,
    "m22": -0.46545577,
    "m32": 0.0,
    "m03": 12.3484793,
    "m13": 43.149353,
    "m23": -3.98945212,
    "m33": 1.0
  },
  {
    "m00": 0.9953854,
    "m10": 0.0204551164,
    "m20": 0.09375197,
    "m30": 0.0,
    "m01": 0.0204551164,
    "m11": 0.9093281,
    "m21": -0.415576756,
    "m31": 0.0,
    "m02": -0.09375197,
    "m12": 0.415576756,
    "m22": 0.9047135,
    "m32": 0.0,
    "m03": -12.1376219,
    "m13": -15.78632,
    "m23": -6.248993,
    "m33": 1.0
  },
  {
    "m00": 0.9968408,
    "m10": 0.06997663,
    "m20": 0.0375737436,
    "m30": 0.0,
    "m01": 0.06997663,
    "m11": -0.5499666,
    "m21": -0.83225,
    "m31": 0.0,
    "m02": -0.0375737436,
    "m12": 0.83225,
    "m22": -0.553125858,
    "m32": 0.0,
    "m03": -26.5059471,
    "m13": -10.7439575,
    "m23": 15.3269033,
    "m33": 1.0
  },
  {
    "m00": 0.321353674,
    "m10": 0.026393177,
    "m20": -0.9465914,
    "m30": 0.0,
    "m01": 0.026393177,
    "m11": 0.998973548,
    "m21": 0.036813803,
    "m31": 0.0,
    "m02": 0.9465914,
    "m12": -0.036813803,
    "m22": 0.320327222,
    "m32": 0.0,
    "m03": -27.4714947,
    "m13": -41.25898,
    "m23": -39.4578323,
    "m33": 1.0
  },
  {
    "m00": 0.611510634,
    "m10": -0.704230845,
    "m20": -0.3607128,
    "m30": 0.0,
    "m01": -0.704230845,
    "m11": -0.276588559,
    "m21": -0.653879046,
    "m31": 0.0,
    "m02": 0.3607128,
    "m12": 0.653879046,
    "m22": -0.6650779,
    "m32": 0.0,
    "m03": 48.23035,
    "m13": 42.82316,
    "m23": 42.0826073,
    "m33": 1.0
  },
  {
    "m00": 0.5358687,
    "m10": -0.785610259,
    "m20": 0.309291422,
    "m30": 0.0,
    "m01": -0.785610259,
    "m11": -0.329760551,
    "m21": 0.523521066,
    "m31": 0.0,
    "m02": -0.309291422,
    "m12": -0.523521066,
    "m22": -0.7938919,
    "m32": 0.0,
    "m03": -1.04919076,
    "m13": 12.9320488,
    "m23": -16.46666,
    "m33": 1.0
  },
  {
    "m00": -0.03085494,
    "m10": -0.6192252,
    "m20": -0.7846071,
    "m30": 0.0,
    "m01": -0.6192252,
    "m11": 0.628037035,
    "m21": -0.471306354,
    "m31": 0.0,
    "m02": 0.7846071,
    "m12": 0.471306354,
    "m22": -0.402817965,
    "m32": 0.0,
    "m03": 41.89421,
    "m13": -9.126597,
    "m23": 28.1976929,
    "m33": 1.0
  },
  {
    "m00": 0.6606562,
    "m10": -0.5098639,
    "m20": 0.550973833,
    "m30": 0.0,
    "m01": -0.5098639,
    "m11": 0.233929574,
    "m21": 0.827838063,
    "m31": 0.0,
    "m02": -0.550973833,
    "m12": -0.827838063,
    "m22": -0.105414152,
    "m32": 0.0,
    "m03": -25.5250931,
    "m13": 17.5084457,
    "m23": 46.777092,
    "m33": 1.0
  },
  {
    "m00": 0.70181036,
    "m10": -0.427873731,
    "m20": 0.5695492,
    "m30": 0.0,
    "m01": -0.427873731,
    "m11": 0.386041939,
    "m21": 0.8172489,
    "m31": 0.0,
    "m02": -0.5695492,
    "m12": -0.8172489,
    "m22": 0.0878523,
    "m32": 0.0,
    "m03": 2.008623,
    "m13": -27.9571171,
    "m23": 26.29856,
    "m33": 1.0
  },
  {
    "m00": 0.3194793,
    "m10": -0.921353161,
    "m20": -0.221452713,
    "m30": 0.0,
    "m01": -0.921353161,
    "m11": -0.247414827,
    "m21": -0.299823552,
    "m31": 0.0,
    "m02": 0.221452713,
    "m12": 0.299823552,
    "m22": -0.9279356,
    "m32": 0.0,
    "m03": 0.2537787,
    "m13": 28.3365364,
    "m23": 1.3205111,
    "m33": 1.0
  },
  {
    "m00": -0.280601144,
    "m10": -0.6737128,
    "m20": -0.683647633,
    "m30": 0.0,
    "m01": -0.6737128,
    "m11": 0.645565748,
    "m21": -0.359660923,
    "m31": 0.0,
    "m02": 0.683647633,
    "m12": 0.359660923,
    "m22": -0.6350354,
    "m32": 0.0,
    "m03": 13.9628754,
    "m13": 38.03868,
    "m23": -13.733572,
    "m33": 1.0
  },
  {
    "m00": 0.852201939,
    "m10": 0.206410348,
    "m20": 0.480777055,
    "m30": 0.0,
    "m01": 0.206410348,
    "m11": 0.71173346,
    "m21": -0.671439,
    "m31": 0.0,
    "m02": -0.480777055,
    "m12": 0.671439,
    "m22": 0.5639354,
    "m32": 0.0,
    "m03": -6.544715,
    "m13": -49.4977722,
    "m23": -19.9514561,
    "m33": 1.0
  },
  {
    "m00": 0.7528949,
    "m10": -0.167265922,
    "m20": -0.6365307,
    "m30": 0.0,
    "m01": -0.167265922,
    "m11": 0.8867774,
    "m21": -0.4308689,
    "m31": 0.0,
    "m02": 0.6365307,
    "m12": 0.4308689,
    "m22": 0.6396723,
    "m32": 0.0,
    "m03": 41.74597,
    "m13": 4.548341,
    "m23": -38.7668724,
    "m33": 1.0
  },
  {
    "m00": 0.9668627,
    "m10": -0.06256518,
    "m20": 0.247512013,
    "m30": 0.0,
    "m01": -0.06256518,
    "m11": 0.881873369,
    "m21": 0.467316747,
    "m31": 0.0,
    "m02": -0.247512013,
    "m12": -0.467316747,
    "m22": 0.848736048,
    "m32": 0.0,
    "m03": -48.70826,
    "m13": 45.8158035,
    "m23": 25.1007919,
    "m33": 1.0
  },
  {
    "m00": -0.0930483341,
    "m10": 0.117194004,
    "m20": 0.9887404,
    "m30": 0.0,
    "m01": 0.117194004,
    "m11": 0.987434745,
    "m21": -0.106010363,
    "m31": 0.0,
    "m02": -0.9887404,
    "m12": 0.106010363,
    "m22": -0.105613589,
    "m32": 0.0,
    "m03": 28.8638,
    "m13": 38.368,
    "m23": -22.49543,
    "m33": 1.0
  },
  {
    "m00": 0.973060966,
    "m10": -0.226627931,
    "m20": 0.04233318,
    "m30": 0.0,
    "m01": -0.226627931,
    "m11": -0.9065368,
    "m21": 0.356133372,
    "m31": 0.0,
    "m02": -0.04233318,
    "m12": -0.356133372,
    "m22": -0.933475852,
    "m32": 0.0,
    "m03": 0.111836195,
    "m13": -46.025322,
    "m23": -16.0644226,
    "m33": 1.0
  },
  {
    "m00": 0.830961049,
    "m10": -0.115931295,
    "m20": -0.5441174,
    "m30": 0.0,
    "m01": -0.115931295,
    "m11": 0.920491338,
    "m21": -0.37316978,
    "m31": 0.0,
    "m02": 0.5441174,
    "m12": 0.37316978,
    "m22": 0.7514523,
    "m32": 0.0,
    "m03": -49.770916,
    "m13": 7.2298584,
    "m23": 11.6155329,
    "m33": 1.0
  },
  {
    "m00": -0.4396286,
    "m10": -0.5689506,
    "m20": 0.694998,
    "m30": 0.0,
    "m01": -0.5689506,
    "m11": 0.775147,
    "m21": 0.27466774,
    "m31": 0.0,
    "m02": -0.694998,
    "m12": -0.27466774,
    "m22": -0.66448164,
    "m32": 0.0,
    "m03": -22.03048,
    "m13": 40.1283875,
    "m23": 0.0838577747,
    "m33": 1.0
  },
  {
    "m00": 0.0549953,
    "m10": 0.599642932,
    "m20": 0.7983757,
    "m30": 0.0,
    "m01": 0.599642932,
    "m11": 0.6195028,
    "m21": -0.5066011,
    "m31": 0.0,
    "m02": -0.7983757,
    "m12": 0.5066011,
    "m22": -0.325501919,
    "m32": 0.0,
    "m03": -38.84678,
    "m13": -36.57,
    "m23": 11.05569,
    "m33": 1.0
  },
  {
    "m00": 0.845870852,
    "m10": -0.18041192,
    "m20": 0.5019502,
    "m30": 0.0,
    "m01": -0.18041192,
    "m11": 0.7888234,
    "m21": 0.587545,
    "m31": 0.0,
    "m02": -0.5019502,
    "m12": -0.587545,
    "m22": 0.6346943,
    "m32": 0.0,
    "m03": -13.7107668,
    "m13": -17.9728451,
    "m23": 36.1804237,
    "m33": 1.0
  },
  {
    "m00": 0.149335027,
    "m10": 0.469659448,
    "m20": -0.870126,
    "m30": 0.0,
    "m01": 0.469659448,
    "m11": 0.740696967,
    "m21": 0.480404079,
    "m31": 0.0,
    "m02": 0.870126,
    "m12": -0.480404079,
    "m22": -0.109967947,
    "m32": 0.0,
    "m03": 20.1951847,
    "m13": -46.57048,
    "m23": -49.3670959,
    "m33": 1.0
  },
  {
    "m00": 0.663721263,
    "m10": 0.654732049,
    "m20": 0.3616629,
    "m30": 0.0,
    "m01": 0.654732049,
    "m11": -0.2747581,
    "m21": -0.7041548,
    "m31": 0.0,
    "m02": -0.3616629,
    "m12": 0.7041548,
    "m22": -0.6110368,
    "m32": 0.0,
    "m03": -42.92598,
    "m13": 9.282881,
    "m23": 7.74979,
    "m33": 1.0
  },
  {
    "m00": -0.2436086,
    "m10": 0.5701084,
    "m20": 0.784621835,
    "m30": 0.0,
    "m01": 0.5701084,
    "m11": 0.7386448,
    "m21": -0.359694779,
    "m31": 0.0,
    "m02": -0.784621835,
    "m12": 0.359694779,
    "m22": -0.5049639,
    "m32": 0.0,
    "m03": 12.2029486,
    "m13": 1.69638991,
    "m23": -32.91136,
    "m33": 1.0
  },
  {
    "m00": 0.9423836,
    "m10": 0.2707475,
    "m20": 0.1964916,
    "m30": 0.0,
    "m01": 0.2707475,
    "m11": -0.272280216,
    "m21": -0.9233414,
    "m31": 0.0,
    "m02": -0.1964916,
    "m12": 0.9233414,
    "m22": -0.329896569,
    "m32": 0.0,
    "m03": 23.2943764,
    "m13": -19.339674,
    "m23": 49.818325,
    "m33": 1.0
  },
  {
    "m00": 0.923361242,
    "m10": -0.189648613,
    "m20": -0.3338224,
    "m30": 0.0,
    "m01": -0.189648613,
    "m11": 0.5306996,
    "m21": -0.826069832,
    "m31": 0.0,
    "m02": 0.3338224,
    "m12": 0.826069832,
    "m22": 0.454060853,
    "m32": 0.0,
    "m03": 13.6854515,
    "m13": -3.62760425,
    "m23": 33.8182335,
    "m33": 1.0
  },
  {
    "m00": 0.428308,
    "m10": 0.7646228,
    "m20": -0.481564462,
    "m30": 0.0,
    "m01": 0.7646228,
    "m11": -0.02266264,
    "m21": 0.6440796,
    "m31": 0.0,
    "m02": 0.481564462,
    "m12": -0.6440796,
    "m22": -0.5943546,
    "m32": 0.0,
    "m03": 3.25747132,
    "m13": 11.2351236,
    "m23": -10.8195124,
    "m33": 1.0
  },
  {
    "m00": 0.08737409,
    "m10": -0.677338541,
    "m20": -0.730464339,
    "m30": 0.0,
    "m01": -0.677338541,
    "m11": 0.497288465,
    "m21": -0.5421407,
    "m31": 0.0,
    "m02": 0.730464339,
    "m12": 0.5421407,
    "m22": -0.415337443,
    "m32": 0.0,
    "m03": -3.24555039,
    "m13": 10.3974876,
    "m23": 10.8405056,
    "m33": 1.0
  },
  {
    "m00": -0.0914803743,
    "m10": 0.5111452,
    "m20": -0.854612231,
    "m30": 0.0,
    "m01": 0.5111452,
    "m11": 0.7606284,
    "m21": 0.400218785,
    "m31": 0.0,
    "m02": 0.854612231,
    "m12": -0.400218785,
    "m22": -0.330852032,
    "m32": 0.0,
    "m03": 20.4532375,
    "m13": -1.44136548,
    "m23": -47.7054825,
    "m33": 1.0
  },
  {
    "m00": 0.597910762,
    "m10": 0.3636532,
    "m20": -0.7143242,
    "m30": 0.0,
    "m01": 0.3636532,
    "m11": 0.671108663,
    "m21": 0.6460414,
    "m31": 0.0,
    "m02": 0.7143242,
    "m12": -0.6460414,
    "m22": 0.269019425,
    "m32": 0.0,
    "m03": -25.181139,
    "m13": 16.7799931,
    "m23": 46.32859,
    "m33": 1.0
  },
  {
    "m00": 0.9718479,
    "m10": -0.04704931,
    "m20": 0.230863765,
    "m30": 0.0,
    "m01": -0.04704931,
    "m11": 0.9213687,
    "m21": 0.385831624,
    "m31": 0.0,
    "m02": -0.230863765,
    "m12": -0.385831624,
    "m22": 0.8932166,
    "m32": 0.0,
    "m03": -2.230388,
    "m13": 43.88367,
    "m23": 49.9856339,
    "m33": 1.0
  },
  {
    "m00": -0.773436546,
    "m10": -0.6164909,
    "m20": -0.147428334,
    "m30": 0.0,
    "m01": -0.6164909,
    "m11": 0.785692334,
    "m21": -0.051249776,
    "m31": 0.0,
    "m02": 0.147428334,
    "m12": 0.051249776,
    "m22": -0.9877442,
    "m32": 0.0,
    "m03": -38.34717,
    "m13": -33.220993,
    "m23": 11.0535326,
    "m33": 1.0
  },
  {
    "m00": 0.4263627,
    "m10": 0.3426957,
    "m20": -0.8371228,
    "m30": 0.0,
    "m01": 0.3426957,
    "m11": 0.795270741,
    "m21": 0.5001041,
    "m31": 0.0,
    "m02": 0.8371228,
    "m12": -0.5001041,
    "m22": 0.221633434,
    "m32": 0.0,
    "m03": 28.697813,
    "m13": -35.1012726,
    "m23": 37.75438,
    "m33": 1.0
  },
  {
    "m00": 0.5170369,
    "m10": -0.539402,
    "m20": -0.6646189,
    "m30": 0.0,
    "m01": -0.539402,
    "m11": 0.397563577,
    "m21": -0.7422861,
    "m31": 0.0,
    "m02": 0.6646189,
    "m12": 0.7422861,
    "m22": -0.08539951,
    "m32": 0.0,
    "m03": -39.9184456,
    "m13": 6.761688,
    "m23": 10.9442177,
    "m33": 1.0
  },
  {
    "m00": 0.9174348,
    "m10": -0.325458556,
    "m20": 0.228888825,
    "m30": 0.0,
    "m01": -0.325458556,
    "m11": -0.282904863,
    "m21": 0.902242661,
    "m31": 0.0,
    "m02": -0.228888825,
    "m12": -0.902242661,
    "m22": -0.365470052,
    "m32": 0.0,
    "m03": 47.0028152,
    "m13": 49.7687454,
    "m23": 9.129864,
    "m33": 1.0
  },
  {
    "m00": 0.092071,
    "m10": -0.867459,
    "m20": 0.4889152,
    "m30": 0.0,
    "m01": -0.867459,
    "m11": 0.17120713,
    "m21": 0.467122316,
    "m31": 0.0,
    "m02": -0.4889152,
    "m12": -0.467122316,
    "m22": -0.7367219,
    "m32": 0.0,
    "m03": -17.4935284,
    "m13": -36.11978,
    "m23": -10.1389351,
    "m33": 1.0
  },
  {
    "m00": 0.00843364,
    "m10": -0.475775,
    "m20": -0.8795266,
    "m30": 0.0,
    "m01": -0.475775,
    "m11": 0.77171284,
    "m21": -0.4220159,
    "m31": 0.0,
    "m02": 0.8795266,
    "m12": 0.4220159,
    "m22": -0.21985352,
    "m32": 0.0,
    "m03": -28.5888443,
    "m13": -9.577173,
    "m23": 15.6526785,
    "m33": 1.0
  },
  {
    "m00": 0.8196928,
    "m10": -0.2242958,
    "m20": -0.5270627,
    "m30": 0.0,
    "m01": -0.2242958,
    "m11": 0.720984,
    "m21": -0.655647457,
    "m31": 0.0,
    "m02": 0.5270627,
    "m12": 0.655647457,
    "m22": 0.5406767,
    "m32": 0.0,
    "m03": -27.89625,
    "m13": -30.0181751,
    "m23": -7.96130276,
    "m33": 1.0
  },
  {
    "m00": 0.651282668,
    "m10": 0.33028388,
    "m20": 0.683186233,
    "m30": 0.0,
    "m01": 0.33028388,
    "m11": 0.687175155,
    "m21": -0.647072554,
    "m31": 0.0,
    "m02": -0.683186233,
    "m12": 0.647072554,
    "m22": 0.338457823,
    "m32": 0.0,
    "m03": -21.4317627,
    "m13": -22.89675,
    "m23": -20.3792744,
    "m33": 1.0
  },
  {
    "m00": 0.773219943,
    "m10": -0.0937648639,
    "m20": -0.6271676,
    "m30": 0.0,
    "m01": -0.0937648639,
    "m11": 0.9612318,
    "m21": -0.259309739,
    "m31": 0.0,
    "m02": 0.6271676,
    "m12": 0.259309739,
    "m22": 0.7344518,
    "m32": 0.0,
    "m03": 24.0509014,
    "m13": -28.3864861,
    "m23": -1.21881366,
    "m33": 1.0
  },
  {
    "m00": -0.578441143,
    "m10": -0.802925646,
    "m20": -0.14393127,
    "m30": 0.0,
    "m01": -0.802925646,
    "m11": 0.591565669,
    "m21": -0.07321534,
    "m31": 0.0,
    "m02": 0.14393127,
    "m12": 0.07321534,
    "m22": -0.986875534,
    "m32": 0.0,
    "m03": 40.290905,
    "m13": 7.57183456,
    "m23": 22.060297,
    "m33": 1.0
  },
  {
    "m00": 0.728789,
    "m10": 0.131563574,
    "m20": -0.6719804,
    "m30": 0.0,
    "m01": 0.131563574,
    "m11": 0.9361789,
    "m21": 0.325975478,
    "m31": 0.0,
    "m02": 0.6719804,
    "m12": -0.325975478,
    "m22": 0.664967954,
    "m32": 0.0,
    "m03": -3.80638242,
    "m13": 0.2780974,
    "m23": -32.7685,
    "m33": 1.0
  },
  {
    "m00": 0.6718092,
    "m10": 0.273779958,
    "m20": -0.6882709,
    "m30": 0.0,
    "m01": 0.273779958,
    "m11": 0.7716101,
    "m21": 0.5741623,
    "m31": 0.0,
    "m02": 0.6882709,
    "m12": -0.5741623,
    "m22": 0.443419278,
    "m32": 0.0,
    "m03": 20.5128651,
    "m13": 38.2429,
    "m23": -24.2430038,
    "m33": 1.0
  },
  {
    "m00": 0.9963038,
    "m10": -0.03395887,
    "m20": 0.07890234,
    "m30": 0.0,
    "m01": -0.03395887,
    "m11": 0.6880045,
    "m21": 0.724911451,
    "m31": 0.0,
    "m02": -0.07890234,
    "m12": -0.724911451,
    "m22": 0.6843083,
    "m32": 0.0,
    "m03": -1.46470666,
    "m13": -9.092421,
    "m23": -25.73434,
    "m33": 1.0
  },
  {
    "m00": 0.9453332,
    "m10": -0.047446087,
    "m20": -0.322636038,
    "m30": 0.0,
    "m01": -0.047446087,
    "m11": 0.9588209,
    "m21": -0.2800204,
    "m31": 0.0,
    "m02": 0.322636038,
    "m12": 0.2800204,
    "m22": 0.904154062,
    "m32": 0.0,
    "m03": -40.7448044,
    "m13": -26.9377937,
    "m23": -28.9892673,
    "m33": 1.0
  },
  {
    "m00": 0.7994989,
    "m10": -0.539195657,
    "m20": -0.264706522,
    "m30": 0.0,
    "m01": -0.539195657,
    "m11": -0.45002687,
    "m21": -0.7118595,
    "m31": 0.0,
    "m02": 0.264706522,
    "m12": 0.7118595,
    "m22": -0.650527954,
    "m32": 0.0,
    "m03": 39.84139,
    "m13": 21.4563236,
    "m23": -12.1210871,
    "m33": 1.0
  },
  {
    "m00": 0.669044,
    "m10": 0.74226743,
    "m20": 0.0376719236,
    "m30": 0.0,
    "m01": 0.74226743,
    "m11": -0.66475594,
    "m21": -0.0844905153,
    "m31": 0.0,
    "m02": -0.0376719236,
    "m12": 0.0844905153,
    "m22": -0.9957119,
    "m32": 0.0,
    "m03": -32.22183,
    "m13": -49.8359566,
    "m23": 30.3383465,
    "m33": 1.0
  },
  {
    "m00": 0.09505755,
    "m10": 0.7465594,
    "m20": -0.6584931,
    "m30": 0.0,
    "m01": 0.7465594,
    "m11": 0.384103477,
    "m21": 0.5432436,
    "m31": 0.0,
    "m02": 0.6584931,
    "m12": -0.5432436,
    "m22": -0.520839,
    "m32": 0.0,
    "m03": 41.5262,
    "m13": 38.84132,
    "m23": 16.5140724,
    "m33": 1.0
  },
  {
    "m00": 0.2543158,
    "m10": -0.931158,
    "m20": -0.261282265,
    "m30": 0.0,
    "m01": -0.931158,
    "m11": -0.162764668,
    "m21": -0.326270938,
    "m31": 0.0,
    "m02": 0.261282265,
    "m12": 0.326270938,
    "m22": -0.908448935,
    "m32": 0.0,
    "m03": 1.48102641,
    "m13": 43.29158,
    "m23": 36.3552551,
    "m33": 1.0
  },
  {
    "m00": -0.765530348,
    "m10": 0.37657088,
    "m20": 0.5216875,
    "m30": 0.0,
    "m01": 0.37657088,
    "m11": 0.919681,
    "m21": -0.111271009,
    "m31": 0.0,
    "m02": -0.5216875,
    "m12": 0.111271009,
    "m22": -0.8458494,
    "m32": 0.0,
    "m03": -41.4825325,
    "m13": 18.3063011,
    "m23": -12.0073738,
    "m33": 1.0
  },
  {
    "m00": 0.9033224,
    "m10": 0.413624883,
    "m20": 0.113679715,
    "m30": 0.0,
    "m01": 0.413624883,
    "m11": -0.7696506,
    "m21": -0.486366719,
    "m31": 0.0,
    "m02": -0.113679715,
    "m12": 0.486366719,
    "m22": -0.8663281,
    "m32": 0.0,
    "m03": 32.2542648,
    "m13": 45.48807,
    "m23": 0.6384671,
    "m33": 1.0
  },
  {
    "m00": -0.427699566,
    "m10": 0.35978514,
    "m20": -0.8292332,
    "m30": 0.0,
    "m01": 0.35978514,
    "m11": 0.909332931,
    "m21": 0.2089696,
    "m31": 0.0,
    "m02": 0.8292332,
    "m12": -0.2089696,
    "m22": -0.5183667,
    "m32": 0.0,
    "m03": 34.2798843,
    "m13": 12.9450541,
    "m23": 40.905632,
    "m33": 1.0
  },
  {
    "m00": 0.441888928,
    "m10": 0.5850756,
    "m20": -0.680015266,
    "m30": 0.0,
    "m01": 0.5850756,
    "m11": 0.386657119,
    "m21": 0.712869465,
    "m31": 0.0,
    "m02": 0.680015266,
    "m12": -0.712869465,
    "m22": -0.171453953,
    "m32": 0.0,
    "m03": -9.528631,
    "m13": -21.0933743,
    "m23": -26.4932861,
    "m33": 1.0
  },
  {
    "m00": 0.5694033,
    "m10": 0.434969723,
    "m20": 0.6975538,
    "m30": 0.0,
    "m01": 0.434969723,
    "m11": 0.560612857,
    "m21": -0.704637945,
    "m31": 0.0,
    "m02": -0.6975538,
    "m12": 0.704637945,
    "m22": 0.130016088,
    "m32": 0.0,
    "m03": 34.2188835,
    "m13": 25.3244286,
    "m23": 23.56212,
    "m33": 1.0
  },
  {
    "m00": 0.455276728,
    "m10": 0.429380685,
    "m20": -0.7799714,
    "m30": 0.0,
    "m01": 0.429380685,
    "m11": 0.6615386,
    "m21": 0.6148162,
    "m31": 0.0,
    "m02": 0.7799714,
    "m12": -0.6148162,
    "m22": 0.116815329,
    "m32": 0.0,
    "m03": 29.0800934,
    "m13": 41.0268669,
    "m23": -16.6124516,
    "m33": 1.0
  },
  {
    "m00": 0.0120944381,
    "m10": 0.723686755,
    "m20": -0.690022647,
    "m30": 0.0,
    "m01": 0.723686755,
    "m11": 0.4698658,
    "m21": 0.5054737,
    "m31": 0.0,
    "m02": 0.690022647,
    "m12": -0.5054737,
    "m22": -0.5180397,
    "m32": 0.0,
    "m03": -13.6124554,
    "m13": 23.1608,
    "m23": 23.9248142,
    "m33": 1.0
  },
  {
    "m00": -0.8497176,
    "m10": 0.4513748,
    "m20": 0.272472084,
    "m30": 0.0,
    "m01": 0.4513748,
    "m11": 0.8898539,
    "m21": -0.06648962,
    "m31": 0.0,
    "m02": -0.272472084,
    "m12": 0.06648962,
    "m22": -0.9598638,
    "m32": 0.0,
    "m03": -17.286438,
    "m13": -14.5126047,
    "m23": -16.4398727,
    "m33": 1.0
  },
  {
    "m00": 0.78734237,
    "m10": 0.0130293826,
    "m20": 0.616378367,
    "m30": 0.0,
    "m01": 0.0130293826,
    "m11": 0.9992017,
    "m21": -0.03776506,
    "m31": 0.0,
    "m02": -0.616378367,
    "m12": 0.03776506,
    "m22": 0.7865441,
    "m32": 0.0,
    "m03": 32.6383133,
    "m13": -1.03245378,
    "m23": 16.3346157,
    "m33": 1.0
  },
  {
    "m00": 0.899163246,
    "m10": -0.05940642,
    "m20": 0.4335624,
    "m30": 0.0,
    "m01": -0.05940642,
    "m11": 0.965001643,
    "m21": 0.2554266,
    "m31": 0.0,
    "m02": -0.4335624,
    "m12": -0.2554266,
    "m22": 0.8641649,
    "m32": 0.0,
    "m03": 0.0664174557,
    "m13": -36.40922,
    "m23": 0.257188082,
    "m33": 1.0
  },
  {
    "m00": 0.6683474,
    "m10": 0.007909925,
    "m20": 0.7438072,
    "m30": 0.0,
    "m01": 0.007909925,
    "m11": 0.999811351,
    "m21": -0.017739825,
    "m31": 0.0,
    "m02": -0.7438072,
    "m12": 0.017739825,
    "m22": 0.66815877,
    "m32": 0.0,
    "m03": 23.400198,
    "m13": -23.857933,
    "m23": -38.9796143,
    "m33": 1.0
  },
  {
    "m00": 0.650457442,
    "m10": 0.727195859,
    "m20": -0.219297245,
    "m30": 0.0,
    "m01": 0.727195859,
    "m11": -0.512874,
    "m21": 0.45623073,
    "m31": 0.0,
    "m02": 0.219297245,
    "m12": -0.45623073,
    "m22": -0.8624165,
    "m32": 0.0,
    "m03": -26.0843868,
    "m13": 1.65237784,
    "m23": 38.98169,
    "m33": 1.0
  },
  {
    "m00": 0.5454397,
    "m10": -0.07846252,
    "m20": 0.8344693,
    "m30": 0.0,
    "m01": -0.07846252,
    "m11": 0.986456454,
    "m21": 0.144039363,
    "m31": 0.0,
    "m02": -0.8344693,
    "m12": -0.144039363,
    "m22": 0.5318962,
    "m32": 0.0,
    "m03": -3.04499269,
    "m13": 32.6639175,
    "m23": -5.822772,
    "m33": 1.0
  },
  {
    "m00": 0.485454619,
    "m10": -0.318408668,
    "m20": 0.814217269,
    "m30": 0.0,
    "m01": -0.318408668,
    "m11": 0.8029638,
    "m21": 0.5038503,
    "m31": 0.0,
    "m02": -0.814217269,
    "m12": -0.5038503,
    "m22": 0.2884184,
    "m32": 0.0,
    "m03": 15.048192,
    "m13": 9.04811,
    "m23": 31.34228,
    "m33": 1.0
  },
  {
    "m00": 0.706183553,
    "m10": -0.30499053,
    "m20": 0.6389723,
    "m30": 0.0,
    "m01": -0.30499053,
    "m11": 0.6834104,
    "m21": 0.6632729,
    "m31": 0.0,
    "m02": -0.6389723,
    "m12": -0.6632729,
    "m22": 0.389593959,
    "m32": 0.0,
    "m03": 47.96988,
    "m13": 49.2658157,
    "m23": -44.1956635,
    "m33": 1.0
  },
  {
    "m00": 0.9268871,
    "m10": -0.29233855,
    "m20": 0.235411227,
    "m30": 0.0,
    "m01": -0.29233855,
    "m11": -0.1689024,
    "m21": 0.9412811,
    "m31": 0.0,
    "m02": -0.235411227,
    "m12": -0.9412811,
    "m22": -0.242015243,
    "m32": 0.0,
    "m03": -17.3413219,
    "m13": -14.9363222,
    "m23": 20.6880322,
    "m33": 1.0
  },
  {
    "m00": 0.7741607,
    "m10": -0.180638567,
    "m20": -0.6066671,
    "m30": 0.0,
    "m01": -0.180638567,
    "m11": 0.8555154,
    "m21": -0.485245377,
    "m31": 0.0,
    "m02": 0.6066671,
    "m12": 0.485245377,
    "m22": 0.6296761,
    "m32": 0.0,
    "m03": -1.73878074,
    "m13": -37.8698349,
    "m23": -38.1901245,
    "m33": 1.0
  },
  {
    "m00": 0.339763165,
    "m10": -0.273091763,
    "m20": -0.8999899,
    "m30": 0.0,
    "m01": -0.273091763,
    "m11": 0.887041867,
    "m21": -0.3722601,
    "m31": 0.0,
    "m02": 0.8999899,
    "m12": 0.3722601,
    "m22": 0.226805031,
    "m32": 0.0,
    "m03": -29.29927,
    "m13": -15.5281124,
    "m23": 28.1064873,
    "m33": 1.0
  },
  {
    "m00": -0.16722703,
    "m10": 0.46368745,
    "m20": 0.870074332,
    "m30": 0.0,
    "m01": 0.46368745,
    "m11": 0.815797567,
    "m21": -0.345641881,
    "m31": 0.0,
    "m02": -0.870074332,
    "m12": 0.345641881,
    "m22": -0.351429462,
    "m32": 0.0,
    "m03": -7.43504143,
    "m13": 37.5526428,
    "m23": -27.5896549,
    "m33": 1.0
  },
  {
    "m00": 0.769457,
    "m10": -0.4655499,
    "m20": 0.43726334,
    "m30": 0.0,
    "m01": -0.4655499,
    "m11": 0.05988604,
    "m21": 0.882993162,
    "m31": 0.0,
    "m02": -0.43726334,
    "m12": -0.882993162,
    "m22": -0.170656919,
    "m32": 0.0,
    "m03": -39.4041061,
    "m13": 32.1140633,
    "m23": 3.46959233,
    "m33": 1.0
  },
  {
    "m00": 0.810867846,
    "m10": 0.149153247,
    "m20": -0.565903366,
    "m30": 0.0,
    "m01": 0.149153247,
    "m11": 0.8823749,
    "m21": 0.4462823,
    "m31": 0.0,
    "m02": 0.565903366,
    "m12": -0.4462823,
    "m22": 0.6932427,
    "m32": 0.0,
    "m03": -18.187767,
    "m13": 8.627182,
    "m23": -6.548256,
    "m33": 1.0
  },
  {
    "m00": -0.4703294,
    "m10": -0.5475393,
    "m20": 0.6920917,
    "m30": 0.0,
    "m01": -0.5475393,
    "m11": 0.7961006,
    "m21": 0.2577296,
    "m31": 0.0,
    "m02": -0.6920917,
    "m12": -0.2577296,
    "m22": -0.6742288,
    "m32": 0.0,
    "m03": 30.6418056,
    "m13": -32.24001,
    "m23": -13.8408241,
    "m33": 1.0
  },
  {
    "m00": 0.9188805,
    "m10": -0.0444397964,
    "m20": -0.3920252,
    "m30": 0.0,
    "m01": -0.0444397964,
    "m11": 0.9756545,
    "m21": -0.214763641,
    "m31": 0.0,
    "m02": 0.3920252,
    "m12": 0.214763641,
    "m22": 0.894535,
    "m32": 0.0,
    "m03": -23.9878712,
    "m13": 47.4825134,
    "m23": -20.0665646,
    "m33": 1.0
  },
  {
    "m00": 0.313300133,
    "m10": 0.688581169,
    "m20": 0.6539871,
    "m30": 0.0,
    "m01": 0.688581169,
    "m11": 0.309532344,
    "m21": -0.6557788,
    "m31": 0.0,
    "m02": -0.6539871,
    "m12": 0.6557788,
    "m22": -0.377167463,
    "m32": 0.0,
    "m03": 35.23034,
    "m13": -44.26434,
    "m23": 26.0880356,
    "m33": 1.0
  },
  {
    "m00": 0.6370525,
    "m10": 0.5478808,
    "m20": -0.542209148,
    "m30": 0.0,
    "m01": 0.5478808,
    "m11": 0.172956467,
    "m21": 0.8184819,
    "m31": 0.0,
    "m02": 0.542209148,
    "m12": -0.8184819,
    "m22": -0.189991,
    "m32": 0.0,
    "m03": 34.2542648,
    "m13": 17.7583084,
    "m23": 12.2019587,
    "m33": 1.0
  },
  {
    "m00": 0.9877871,
    "m10": 0.150472119,
    "m20": 0.0404317528,
    "m30": 0.0,
    "m01": 0.150472119,
    "m11": -0.8539345,
    "m21": -0.498150855,
    "m31": 0.0,
    "m02": -0.0404317528,
    "m12": 0.498150855,
    "m22": -0.8661474,
    "m32": 0.0,
    "m03": 49.4480133,
    "m13": -2.00416446,
    "m23": -5.39707565,
    "m33": 1.0
  },
  {
    "m00": 0.428071141,
    "m10": 0.515286744,
    "m20": 0.7424518,
    "m30": 0.0,
    "m01": 0.515286744,
    "m11": 0.5357457,
    "m21": -0.6689216,
    "m31": 0.0,
    "m02": -0.7424518,
    "m12": 0.6689216,
    "m22": -0.03618312,
    "m32": 0.0,
    "m03": 36.2402573,
    "m13": -4.98543358,
    "m23": 15.5194263,
    "m33": 1.0
  },
  {
    "m00": 0.605450749,
    "m10": -0.7064434,
    "m20": 0.366561145,
    "m30": 0.0,
    "m01": -0.7064434,
    "m11": -0.26489234,
    "m21": 0.656330466,
    "m31": 0.0,
    "m02": -0.366561145,
    "m12": -0.656330466,
    "m22": -0.6594416,
    "m32": 0.0,
    "m03": -32.6536522,
    "m13": 20.1686,
    "m23": 40.813446,
    "m33": 1.0
  },
  {
    "m00": -0.582267046,
    "m10": -0.221445635,
    "m20": -0.782257557,
    "m30": 0.0,
    "m01": -0.221445635,
    "m11": 0.9690077,
    "m21": -0.10948059,
    "m31": 0.0,
    "m02": 0.782257557,
    "m12": 0.10948059,
    "m22": -0.613259435,
    "m32": 0.0,
    "m03": 21.3417988,
    "m13": -0.388795137,
    "m23": -4.10502529,
    "m33": 1.0
  },
  {
    "m00": -0.644651532,
    "m10": 0.301013052,
    "m20": -0.7027204,
    "m30": 0.0,
    "m01": 0.301013052,
    "m11": 0.94490695,
    "m21": 0.128615692,
    "m31": 0.0,
    "m02": 0.7027204,
    "m12": -0.128615692,
    "m22": -0.6997446,
    "m32": 0.0,
    "m03": 19.83627,
    "m13": -21.9024963,
    "m23": 9.83252,
    "m33": 1.0
  },
  {
    "m00": -0.448556185,
    "m10": -0.0141452532,
    "m20": -0.8936428,
    "m30": 0.0,
    "m01": -0.0141452532,
    "m11": 0.9998619,
    "m21": -0.008726485,
    "m31": 0.0,
    "m02": 0.8936428,
    "m12": 0.008726485,
    "m22": -0.448694348,
    "m32": 0.0,
    "m03": -14.61379,
    "m13": -17.9036312,
    "m23": -24.7377567,
    "m33": 1.0
  },
  {
    "m00": 0.7489556,
    "m10": 0.232308149,
    "m20": 0.62056303,
    "m30": 0.0,
    "m01": 0.232308149,
    "m11": 0.785029769,
    "m21": -0.574248433,
    "m31": 0.0,
    "m02": -0.62056303,
    "m12": 0.574248433,
    "m22": 0.5339854,
    "m32": 0.0,
    "m03": 25.8188725,
    "m13": -17.004055,
    "m23": 14.9486284,
    "m33": 1.0
  },
  {
    "m00": 0.7774651,
    "m10": -0.204844534,
    "m20": 0.594631553,
    "m30": 0.0,
    "m01": -0.204844534,
    "m11": 0.8114395,
    "m21": 0.5473615,
    "m31": 0.0,
    "m02": -0.594631553,
    "m12": -0.5473615,
    "m22": 0.5889046,
    "m32": 0.0,
    "m03": 27.4789448,
    "m13": 0.07330775,
    "m23": -9.516412,
    "m33": 1.0
  },
  {
    "m00": 0.8838957,
    "m10": -0.13885127,
    "m20": 0.4465968,
    "m30": 0.0,
    "m01": -0.13885127,
    "m11": 0.833945155,
    "m21": 0.5340934,
    "m31": 0.0,
    "m02": -0.4465968,
    "m12": -0.5340934,
    "m22": 0.7178409,
    "m32": 0.0,
    "m03": 39.0575867,
    "m13": 42.5603752,
    "m23": -24.7049274,
    "m33": 1.0
  },
  {
    "m00": 0.06502116,
    "m10": 0.869863749,
    "m20": 0.488988131,
    "m30": 0.0,
    "m01": 0.869863749,
    "m11": 0.190716445,
    "m21": -0.454933345,
    "m31": 0.0,
    "m02": -0.488988131,
    "m12": 0.454933345,
    "m22": -0.744262457,
    "m32": 0.0,
    "m03": 31.0086842,
    "m13": 2.11979747,
    "m23": -42.2042122,
    "m33": 1.0
  },
  {
    "m00": 0.8392116,
    "m10": -0.126019225,
    "m20": -0.529001951,
    "m30": 0.0,
    "m01": -0.126019225,
    "m11": 0.9012314,
    "m21": -0.414609551,
    "m31": 0.0,
    "m02": 0.529001951,
    "m12": 0.414609551,
    "m22": 0.740443,
    "m32": 0.0,
    "m03": 23.6312141,
    "m13": 14.85586,
    "m23": 7.53634548,
    "m33": 1.0
  },
  {
    "m00": 0.8693495,
    "m10": -0.07663389,
    "m20": -0.48822,
    "m30": 0.0,
    "m01": -0.07663389,
    "m11": 0.955049932,
    "m21": -0.286368519,
    "m31": 0.0,
    "m02": 0.48822,
    "m12": 0.286368519,
    "m22": 0.824399352,
    "m32": 0.0,
    "m03": 37.6673927,
    "m13": 48.7616539,
    "m23": -15.3780279,
    "m33": 1.0
  },
  {
    "m00": -0.100496173,
    "m10": 0.9920927,
    "m20": 0.0751849338,
    "m30": 0.0,
    "m01": 0.9920927,
    "m11": 0.105632544,
    "m21": -0.06777891,
    "m31": 0.0,
    "m02": -0.0751849338,
    "m12": 0.06777891,
    "m22": -0.9948636,
    "m32": 0.0,
    "m03": -16.0194817,
    "m13": -46.2664,
    "m23": 7.694477,
    "m33": 1.0
  },
  {
    "m00": -0.5110266,
    "m10": -0.581068337,
    "m20": -0.633412659,
    "m30": 0.0,
    "m01": -0.581068337,
    "m11": 0.776549,
    "m21": -0.243580148,
    "m31": 0.0,
    "m02": 0.633412659,
    "m12": 0.243580148,
    "m22": -0.734477639,
    "m32": 0.0,
    "m03": -46.5104942,
    "m13": 20.743475,
    "m23": -27.0462151,
    "m33": 1.0
  },
  {
    "m00": 0.282202959,
    "m10": -0.443394274,
    "m20": -0.8507427,
    "m30": 0.0,
    "m01": -0.443394274,
    "m11": 0.726108551,
    "m21": -0.5255168,
    "m31": 0.0,
    "m02": 0.8507427,
    "m12": 0.5255168,
    "m22": 0.00831151,
    "m32": 0.0,
    "m03": -39.0288124,
    "m13": 9.632653,
    "m23": 27.5629883,
    "m33": 1.0
  },
  {
    "m00": 0.02846831,
    "m10": -0.1991854,
    "m20": -0.9795482,
    "m30": 0.0,
    "m01": -0.1991854,
    "m11": 0.9591626,
    "m21": -0.200828984,
    "m31": 0.0,
    "m02": 0.9795482,
    "m12": 0.200828984,
    "m22": -0.0123690367,
    "m32": 0.0,
    "m03": 33.3309631,
    "m13": -45.5698357,
    "m23": 31.1805363,
    "m33": 1.0
  },
  {
    "m00": 0.5774088,
    "m10": -0.08452496,
    "m20": 0.812068045,
    "m30": 0.0,
    "m01": -0.08452496,
    "m11": 0.9830937,
    "m21": 0.162426531,
    "m31": 0.0,
    "m02": -0.812068045,
    "m12": -0.162426531,
    "m22": 0.56050247,
    "m32": 0.0,
    "m03": 25.878727,
    "m13": -20.6290073,
    "m23": 15.1865225,
    "m33": 1.0
  },
  {
    "m00": 0.5897299,
    "m10": 0.6079575,
    "m20": -0.5316074,
    "m30": 0.0,
    "m01": 0.6079575,
    "m11": 0.09910005,
    "m21": 0.7877608,
    "m31": 0.0,
    "m02": 0.5316074,
    "m12": -0.7877608,
    "m22": -0.3111701,
    "m32": 0.0,
    "m03": -4.2902174,
    "m13": -37.1415024,
    "m23": 23.93354,
    "m33": 1.0
  },
  {
    "m00": 0.6416917,
    "m10": 0.428707153,
    "m20": 0.635957539,
    "m30": 0.0,
    "m01": 0.428707153,
    "m11": 0.487062454,
    "m21": -0.7609076,
    "m31": 0.0,
    "m02": -0.635957539,
    "m12": 0.7609076,
    "m22": 0.128754139,
    "m32": 0.0,
    "m03": -35.69207,
    "m13": 15.7277689,
    "m23": -6.97183037,
    "m33": 1.0
  },
  {
    "m00": 0.8285229,
    "m10": -0.1843342,
    "m20": 0.528744459,
    "m30": 0.0,
    "m01": -0.1843342,
    "m11": 0.801844656,
    "m21": 0.568389,
    "m31": 0.0,
    "m02": -0.528744459,
    "m12": -0.568389,
    "m22": 0.6303676,
    "m32": 0.0,
    "m03": -7.309002,
    "m13": 47.3627548,
    "m23": 17.6102867,
    "m33": 1.0
  },
  {
    "m00": 0.5142748,
    "m10": -0.629547656,
    "m20": -0.5824013,
    "m30": 0.0,
    "m01": -0.629547656,
    "m11": 0.184044361,
    "m21": -0.7548493,
    "m31": 0.0,
    "m02": 0.5824013,
    "m12": 0.7548493,
    "m22": -0.3016808,
    "m32": 0.0,
    "m03": 37.2739677,
    "m13": 21.34758,
    "m23": 29.7982445,
    "m33": 1.0
  },
  {
    "m00": 0.278395,
    "m10": -0.8001803,
    "m20": -0.5312324,
    "m30": 0.0,
    "m01": -0.8001803,
    "m11": 0.112688363,
    "m21": -0.5890781,
    "m31": 0.0,
    "m02": 0.5312324,
    "m12": 0.5890781,
    "m22": -0.60891664,
    "m32": 0.0,
    "m03": 15.8815966,
    "m13": 42.6823959,
    "m23": -8.510965,
    "m33": 1.0
  },
  {
    "m00": 0.764649153,
    "m10": -0.5534372,
    "m20": -0.3301802,
    "m30": 0.0,
    "m01": -0.5534372,
    "m11": -0.301430345,
    "m21": -0.7764324,
    "m31": 0.0,
    "m02": 0.3301802,
    "m12": 0.7764324,
    "m22": -0.5367812,
    "m32": 0.0,
    "m03": -12.9801807,
    "m13": -33.5544128,
    "m23": -38.15154,
    "m33": 1.0
  },
  {
    "m00": 0.938063264,
    "m10": -0.2541317,
    "m20": 0.23548764,
    "m30": 0.0,
    "m01": -0.2541317,
    "m11": -0.0427237749,
    "m21": 0.9662256,
    "m31": 0.0,
    "m02": -0.23548764,
    "m12": -0.9662256,
    "m22": -0.104660511,
    "m32": 0.0,
    "m03": 37.8161926,
    "m13": 14.4494038,
    "m23": 41.5733,
    "m33": 1.0
  },
  {
    "m00": 0.335898876,
    "m10": -0.109361649,
    "m20": 0.9355276,
    "m30": 0.0,
    "m01": -0.109361649,
    "m11": 0.981990755,
    "m21": 0.154059142,
    "m31": 0.0,
    "m02": -0.9355276,
    "m12": -0.154059142,
    "m22": 0.317889631,
    "m32": 0.0,
    "m03": -47.9225273,
    "m13": -17.36843,
    "m23": 3.03631425,
    "m33": 1.0
  },
  {
    "m00": 0.267839,
    "m10": -0.708231449,
    "m20": 0.6532002,
    "m30": 0.0,
    "m01": -0.708231449,
    "m11": 0.314916,
    "m21": 0.6318514,
    "m31": 0.0,
    "m02": -0.6532002,
    "m12": -0.6318514,
    "m22": -0.4172449,
    "m32": 0.0,
    "m03": -19.0151157,
    "m13": -9.603697,
    "m23": -32.18546,
    "m33": 1.0
  },
  {
    "m00": 0.640841544,
    "m10": 0.671482,
    "m20": 0.372067273,
    "m30": 0.0,
    "m01": 0.671482,
    "m11": -0.2554016,
    "m21": -0.6956163,
    "m31": 0.0,
    "m02": -0.372067273,
    "m12": 0.6956163,
    "m22": -0.6145601,
    "m32": 0.0,
